species	area	Amostra	Planta	diameter	c_folha	l_folha	c_raiz	MF	MR	Mriz	Msub	Mtot	RSRatio	SSRatio	Zn	Fe	Mn	Cu	B	fe_std	zn_std	mn_std	cu_std	b_std
crassifolia	1	1	1	4.91	2.8375	0.4975	2.94	0.5850	0.1845	0.8543	1.0388	1.6238	0.315384615	1.775726496	0.11	49.38	0.7	0.09	0.06	0.259219629	0.405460751	1.75	0.280600462	0.788321168
crassifolia	1	1	2	6.76	3.08	0.4675	3.415	0.4809	0.0502	0.8653	0.9155	1.3964	0.104387607	1.903722188	0.11	49.38	0.7	0.09	0.06	0.259219629	0.405460751	1.75	0.280600462	0.788321168
crassifolia	1	1	3	5.19	3.2525	0.4175	4.0175	0.3257	0.0797	0.5371	0.6168	0.9425	0.244703715	1.89376727	0.11	49.38	0.7	0.09	0.06	0.259219629	0.405460751	1.75	0.280600462	0.788321168
crassifolia	1	1	4	7.76	3.8125	0.575	3.6475	0.9147	0.0825	1.0178	1.1003	2.0150	0.090193506	1.202908057	0.11	49.38	0.7	0.09	0.06	0.259219629	0.405460751	1.75	0.280600462	0.788321168
crassifolia	1	1	5	4.82	2.45	0.485	3.01	0.3089	0.1586	1.0899	1.2485	1.5574	0.513434769	4.041761088	0.11	49.38	0.7	0.09	0.06	0.259219629	0.405460751	1.75	0.280600462	0.788321168
crassifolia	1	1	6	5.93	3.1275	0.3975	3.515	0.3768	0.1032	0.4184	0.5216	0.8984	0.27388535	1.384288747	0.11	49.38	0.7	0.09	0.06	0.259219629	0.405460751	1.75	0.280600462	0.788321168
crassifolia	1	1	7	5.57	2.77	0.3625	3.9025	0.2005	0.0538	0.3380	0.3918	0.5923	0.268329177	1.954114713	0.11	49.38	0.7	0.09	0.06	0.259219629	0.405460751	1.75	0.280600462	0.788321168
crassifolia	1	1	8	7.12	3.705	0.4975	3.0425	0.6894	0.1997	0.4979	0.6976	1.3870	0.289672179	1.011894401	0.11	49.38	0.7	0.09	0.06	0.259219629	0.405460751	1.75	0.280600462	0.788321168
crassifolia	1	1	9	5.98	3.2525	0.5425	3.11	0.6187	0.0952	0.6262	0.7214	1.3401	0.15387102	1.165993212	0.11	49.38	0.7	0.09	0.06	0.259219629	0.405460751	1.75	0.280600462	0.788321168
crassifolia	1	1	10	6.7	3.095	0.51	2.9825	0.6500	0.0544	0.9244	0.9788	1.6288	0.083692308	1.505846154	0.11	49.38	0.7	0.09	0.06	0.259219629	0.405460751	1.75	0.280600462	0.788321168
crassifolia	1	2	1	6.88	3.5725	0.4675	4.06	0.5354	0.0968	0.7834	0.8802	1.4156	0.180799402	1.644004483	0.27	73.92	0.49	0.1	0.08	0.38804202	0.995221843	1.225	0.311778291	1.051094891
crassifolia	1	2	2	7.47	3.9325	0.4875	4.1025	0.7315	0.2341	0.9469	1.1810	1.9125	0.320027341	1.614490772	0.27	73.92	0.49	0.1	0.08	0.38804202	0.995221843	1.225	0.311778291	1.051094891
crassifolia	1	2	3	7.11	3.505	0.485	3.2675	0.9033	0.1752	0.6048	0.7800	1.6833	0.193955497	0.863500498	0.27	73.92	0.49	0.1	0.08	0.38804202	0.995221843	1.225	0.311778291	1.051094891
crassifolia	1	2	4	4.16	2.3875	0.465	2.43	0.2392	0.0139	0.1670	0.1809	0.4201	0.058110368	0.756270903	0.27	73.92	0.49	0.1	0.08	0.38804202	0.995221843	1.225	0.311778291	1.051094891
crassifolia	1	2	5	5.83	3.36	0.4425	3.39	0.5673	0.0622	0.4889	0.5511	1.1184	0.109642165	0.971443681	0.27	73.92	0.49	0.1	0.08	0.38804202	0.995221843	1.225	0.311778291	1.051094891
crassifolia	1	2	6	5.64	2.985	0.485	3.245	0.7512	0.1272	0.3137	0.4409	1.1921	0.169329073	0.586927583	0.27	73.92	0.49	0.1	0.08	0.38804202	0.995221843	1.225	0.311778291	1.051094891
crassifolia	1	2	7	5.26	2.7075	0.4475	3.635	0.3256	0.1995	0.7209	0.9204	1.2460	0.612714988	2.826781327	0.27	73.92	0.49	0.1	0.08	0.38804202	0.995221843	1.225	0.311778291	1.051094891
crassifolia	1	2	8	5.74	3.3375	0.5175	3.1175	0.7535	0.0868	0.3720	0.4588	1.2123	0.115195753	0.608891838	0.27	73.92	0.49	0.1	0.08	0.38804202	0.995221843	1.225	0.311778291	1.051094891
crassifolia	1	2	9	6.16	3.4825	0.52	1.8975	0.7424	0.1600	0.4214	0.5814	1.3238	0.215517241	0.783135776	0.27	73.92	0.49	0.1	0.08	0.38804202	0.995221843	1.225	0.311778291	1.051094891
crassifolia	1	2	10	6.77	3.41	0.5025	2.205	0.4602	0.0925	0.7862	0.8787	1.3389	0.200999565	1.909387223	0.27	73.92	0.49	0.1	0.08	0.38804202	0.995221843	1.225	0.311778291	1.051094891
crassifolia	1	3	1	6.32	3.35	0.4375	2.2125	0.6214	0.0669	0.5018	0.5687	1.1901	0.107660122	0.915191503	0.37	47.16	0.41	0.1	0.6	0.24756577	1.363822526	1.025	0.311778291	7.883211679
crassifolia	1	3	2	6.08	3.55	0.44	2.6675	0.4116	0.0263	0.2305	0.2568	0.6684	0.063896987	0.623906706	0.37	47.16	0.41	0.1	0.6	0.24756577	1.363822526	1.025	0.311778291	7.883211679
crassifolia	1	3	3	7.99	4.965	0.5225	3.95	1.0019	0.1975	0.9094	1.1069	2.1088	0.197125462	1.104800878	0.37	47.16	0.41	0.1	0.6	0.24756577	1.363822526	1.025	0.311778291	7.883211679
crassifolia	1	3	4	8.62	4.4375	0.575	4.59	1.4203	0.1103	0.7107	0.8210	2.2413	0.077659649	0.578046892	0.37	47.16	0.41	0.1	0.6	0.24756577	1.363822526	1.025	0.311778291	7.883211679
crassifolia	1	3	5	8.89	4.78	0.5275	3.4125	1.3703	0.1349	0.9996	1.1345	2.5048	0.098445596	0.827920893	0.37	47.16	0.41	0.1	0.6	0.24756577	1.363822526	1.025	0.311778291	7.883211679
crassifolia	1	3	6	6.18	3.59	0.465	3.7175	0.5713	0.1539	0.5417	0.6956	1.2669	0.269385612	1.217573954	0.37	47.16	0.41	0.1	0.6	0.24756577	1.363822526	1.025	0.311778291	7.883211679
crassifolia	1	3	7	6.47	3.605	0.4525	2.6675	0.5283	0.0869	0.5063	0.5932	1.1215	0.164489873	1.122846867	0.37	47.16	0.41	0.1	0.6	0.24756577	1.363822526	1.025	0.311778291	7.883211679
crassifolia	1	3	8	7.56	3.9325	0.5175	3.3	1.1428	0.2452	0.9789	1.2241	2.3669	0.214560728	1.071141057	0.37	47.16	0.41	0.1	0.6	0.24756577	1.363822526	1.025	0.311778291	7.883211679
crassifolia	1	3	9	7.67	4.155	0.6075	3.2925	0.9100	0.1345	0.6322	0.7667	1.6767	0.147802198	0.842527473	0.37	47.16	0.41	0.1	0.6	0.24756577	1.363822526	1.025	0.311778291	7.883211679
crassifolia	1	3	10	4.82	2.5475	0.4075	2.73	0.2437	0.0810	0.3046	0.3856	0.6293	0.332375872	1.582273287	0.37	47.16	0.41	0.1	0.6	0.24756577	1.363822526	1.025	0.311778291	7.883211679
crassifolia	1	4	1	7.23	3.2125	0.34	2.6875	0.6833	0.1341	0.3643	0.4984	1.1817	0.196253476	0.729401434	0.19	69.58	0.42	0.8	0.06	0.36525925	0.700341297	1.05	2.494226328	0.788321168
crassifolia	1	4	2	5.54	2.64	0.2525	3.195	0.4742	0.0578	0.2555	0.3133	0.7875	0.121889498	0.660691691	0.19	69.58	0.42	0.8	0.06	0.36525925	0.700341297	1.05	2.494226328	0.788321168
crassifolia	1	4	3	8.48	4.0625	0.4225	2.815	0.7340	0.0986	0.4710	0.5696	1.3036	0.134332425	0.776021798	0.19	69.58	0.42	0.8	0.06	0.36525925	0.700341297	1.05	2.494226328	0.788321168
crassifolia	1	4	4	6.32	3.3575	0.4225	3.5775	0.3725	0.0338	0.0736	0.1074	0.4799	0.090738255	0.288322148	0.19	69.58	0.42	0.8	0.06	0.36525925	0.700341297	1.05	2.494226328	0.788321168
crassifolia	1	4	5	9.29	3.9125	0.4275	4.2	0.8497	0.2285	1.0384	1.2669	2.1166	0.268918442	1.490996822	0.19	69.58	0.42	0.8	0.06	0.36525925	0.700341297	1.05	2.494226328	0.788321168
crassifolia	1	4	6	5.77	2.375	0.4425	3.0375	0.4946	0.1080	0.1192	0.2272	0.7218	0.218358269	0.4593611	0.19	69.58	0.42	0.8	0.06	0.36525925	0.700341297	1.05	2.494226328	0.788321168
crassifolia	1	4	7	5.96	3.0775	0.395	3.9675	0.6729	0.0661	0.3130	0.3791	1.0520	0.098231535	0.563382375	0.19	69.58	0.42	0.8	0.06	0.36525925	0.700341297	1.05	2.494226328	0.788321168
crassifolia	1	4	8	6.72	3.315	0.5525	2.815	1.2363	0.1748	0.5545	0.7293	1.9656	0.14138963	0.589905363	0.19	69.58	0.42	0.8	0.06	0.36525925	0.700341297	1.05	2.494226328	0.788321168
crassifolia	1	4	9	5.07	3.26	0.6025	3.675	0.3776	0.1213	0.8090	0.9303	1.3079	0.321239407	2.46371822	0.19	69.58	0.42	0.8	0.06	0.36525925	0.700341297	1.05	2.494226328	0.788321168
crassifolia	1	4	10	7.23	3.0025	0.37	3.2925	1.6602	0.1020	1.2989	1.4009	3.0611	0.061438381	0.843813998	0.19	69.58	0.42	0.8	0.06	0.36525925	0.700341297	1.05	2.494226328	0.788321168
crassifolia	1	5	1	6.36	3.175	0.4875	3.76	0.5325	0.0499	0.6956	0.7455	1.2780	0.09370892	1.4	0.16	38.44	0.26	0.04	0.04	0.20179025	0.589761092	0.65	0.124711316	0.525547445
crassifolia	1	5	2	5.24	2.895	0.365	2.645	0.3485	0.0811	0.5196	0.6007	0.9492	0.232711621	1.723672884	0.16	38.44	0.26	0.04	0.04	0.20179025	0.589761092	0.65	0.124711316	0.525547445
crassifolia	1	5	3	5.78	2.5225	0.4075	2.6975	0.2812	0.0418	0.8110	0.8528	1.1340	0.148648649	3.032716927	0.16	38.44	0.26	0.04	0.04	0.20179025	0.589761092	0.65	0.124711316	0.525547445
crassifolia	1	5	4	5.94	3.045	0.4525	3.3825	1.3400	0.0892	1.2057	1.2949	2.6349	0.066567164	0.966343284	0.16	38.44	0.26	0.04	0.04	0.20179025	0.589761092	0.65	0.124711316	0.525547445
crassifolia	1	5	5	7.28	4.1725	0.5075	2.6275	0.5325	0.1039	0.6129	0.7168	1.2493	0.195117371	1.346103286	0.16	38.44	0.26	0.04	0.04	0.20179025	0.589761092	0.65	0.124711316	0.525547445
crassifolia	1	5	6	7.08	3.3325	0.43	2.985	0.7099	0.0986	1.0318	1.1304	1.8403	0.138892802	1.592336949	0.16	38.44	0.26	0.04	0.04	0.20179025	0.589761092	0.65	0.124711316	0.525547445
crassifolia	1	5	7	4.98	2.92	0.3825	2.765	0.3699	0.0583	0.6280	0.6863	1.0562	0.157610165	1.855366315	0.16	38.44	0.26	0.04	0.04	0.20179025	0.589761092	0.65	0.124711316	0.525547445
crassifolia	1	5	8	6.37	3.52	0.4875	2.91	0.6781	0.1368	1.6573	1.7941	2.4722	0.201740156	2.645774959	0.16	38.44	0.26	0.04	0.04	0.20179025	0.589761092	0.65	0.124711316	0.525547445
crassifolia	1	5	9	5.09	2.9625	0.3775	3.16	0.4868	0.1359	0.7352	0.8711	1.3579	0.27917009	1.789441249	0.16	38.44	0.26	0.04	0.04	0.20179025	0.589761092	0.65	0.124711316	0.525547445
crassifolia	1	5	10	5.19	2.49	0.3325	2.4825	0.2187	0.0125	0.0461	0.0586	0.2773	0.057155921	0.267946959	0.16	38.44	0.26	0.04	0.04	0.20179025	0.589761092	0.65	0.124711316	0.525547445
crassifolia	1	6	1	5.51	2.96	0.4025	2.8575	0.5843	0.2375	0.5089	0.7464	1.3307	0.406469279	1.27742598	0.14	27.221	0.3	0.05	0.04	0.142896264	0.516040956	0.75	0.155889145	0.525547445
crassifolia	1	6	2	5.89	2.7525	0.4475	4.995	0.1846	0.1764	0.6715	0.9090	1.0936	1.286565547	4.924160347	0.14	27.221	0.3	0.05	0.04	0.142896264	0.516040956	0.75	0.155889145	0.525547445
crassifolia	1	6	3	4.32	2.3475	0.3175	3.425	0.2994	0.1010	0.1910	0.2920	0.5914	0.337341349	0.975283901	0.14	27.221	0.3	0.05	0.04	0.142896264	0.516040956	0.75	0.155889145	0.525547445
crassifolia	1	6	4	5.04	2.8725	0.3925	3.5225	0.4480	0.1677	0.2013	0.3690	0.8170	0.374330357	0.823660714	0.14	27.221	0.3	0.05	0.04	0.142896264	0.516040956	0.75	0.155889145	0.525547445
crassifolia	1	6	5	4.26	2.2125	0.37	7.135	0.5584	0.1286	0.5810	0.7096	1.2680	0.23030086	1.270773639	0.14	27.221	0.3	0.05	0.04	0.142896264	0.516040956	0.75	0.155889145	0.525547445
crassifolia	1	6	6	5.7	2.7075	0.3975	4.275	0.1928	0.1011	0.4478	0.5489	0.7417	0.524377593	2.846991701	0.14	27.221	0.3	0.05	0.04	0.142896264	0.516040956	0.75	0.155889145	0.525547445
crassifolia	1	6	7	4.05	2.0675	0.3	2.93	0.2831	0.1537	0.3285	0.4822	0.7653	0.542917697	1.703285058	0.14	27.221	0.3	0.05	0.04	0.142896264	0.516040956	0.75	0.155889145	0.525547445
crassifolia	1	6	8	4.57	2.575	0.4075	3.9275	0.1851	0.0845	0.2393	0.3238	0.5089	0.456509995	1.749324689	0.14	27.221	0.3	0.05	0.04	0.142896264	0.516040956	0.75	0.155889145	0.525547445
crassifolia	1	6	9	4.76	2.4625	0.3125	3.7925	0.4554	0.0787	0.3151	0.3938	0.8492	0.172815108	0.8647343	0.14	27.221	0.3	0.05	0.04	0.142896264	0.516040956	0.75	0.155889145	0.525547445
crassifolia	1	6	10	4.58	2.8725	0.3725	2.8025	0.5995	0.1110	0.5589	0.6699	1.2694	0.185154295	1.117431193	0.14	27.221	0.3	0.05	0.04	0.142896264	0.516040956	0.75	0.155889145	0.525547445
crassifolia	2	1	1	5.32	2.8425	0.52	3.815	0.4772	0.1645	0.6465	0.8110	1.2882	0.344719195	1.699497066	0.14	91.9	0.42	0.07	0.04	0.482427782	0.516040956	1.05	0.218244804	0.525547445
crassifolia	2	1	2	5.3	2.515	0.3425	4.0725	0.3613	0.0563	0.7450	0.8013	1.1626	0.155826183	2.217824523	0.14	91.9	0.42	0.07	0.04	0.482427782	0.516040956	1.05	0.218244804	0.525547445
crassifolia	2	1	3	4.76	2.5425	0.355	4.8775	0.1610	0.0560	0.6125	0.6685	0.8295	0.347826087	4.152173913	0.14	91.9	0.42	0.07	0.04	0.482427782	0.516040956	1.05	0.218244804	0.525547445
crassifolia	2	1	4	5.47	2.585	0.355	2.76	0.3002	0.0379	0.5048	0.5427	0.8429	0.126249167	1.807794803	0.14	91.9	0.42	0.07	0.04	0.482427782	0.516040956	1.05	0.218244804	0.525547445
crassifolia	2	1	5	4.74	2.5175	0.325	4.315	0.1843	0.0347	0.5350	0.5697	0.7540	0.188279978	3.091155724	0.14	91.9	0.42	0.07	0.04	0.482427782	0.516040956	1.05	0.218244804	0.525547445
crassifolia	2	1	6	7.87	4.31	0.5575	4.5425	1.0672	0.2279	1.4303	1.6582	2.7254	0.213549475	1.553785607	0.14	91.9	0.42	0.07	0.04	0.482427782	0.516040956	1.05	0.218244804	0.525547445
crassifolia	2	1	7	4.66	2.6675	0.3425	4.685	0.2772	0.0642	1.0170	1.0812	1.3584	0.231601732	3.9004329	0.14	91.9	0.42	0.07	0.04	0.482427782	0.516040956	1.05	0.218244804	0.525547445
crassifolia	2	1	8	6.42	3.2725	0.5175	4.36	0.5908	0.1104	0.7360	0.8464	1.4372	0.186865267	1.432633717	0.14	91.9	0.42	0.07	0.04	0.482427782	0.516040956	1.05	0.218244804	0.525547445
crassifolia	2	1	9	5.35	3.1075	0.4475	3.5525	0.1806	0.0967	0.4941	0.5908	0.7714	0.535437431	3.271317829	0.14	91.9	0.42	0.07	0.04	0.482427782	0.516040956	1.05	0.218244804	0.525547445
crassifolia	2	1	10	5.84	3.2775	0.4775	4.145	0.4325	0.0852	0.2530	0.3382	0.7707	0.19699422	0.781965318	0.14	91.9	0.42	0.07	0.04	0.482427782	0.516040956	1.05	0.218244804	0.525547445
crassifolia	2	2	1	5.92	3.255	0.4775	3.1625	0.2862	0.2052	0.5010	0.7062	0.9924	0.716981132	2.467505241	0.16	56.77	0.43	0.08	0.08	0.298013332	0.589761092	1.075	0.249422633	1.051094891
crassifolia	2	2	2	6.27	3.605	0.46	3.99	0.7277	0.0760	0.8755	0.9515	1.6792	0.104438642	1.307544318	0.16	56.77	0.43	0.08	0.08	0.298013332	0.589761092	1.075	0.249422633	1.051094891
crassifolia	2	2	3	5.71	3.4075	0.36	3.555	0.3392	0.0837	0.2544	0.3381	0.6773	0.246757075	0.996757075	0.16	56.77	0.43	0.08	0.08	0.298013332	0.589761092	1.075	0.249422633	1.051094891
crassifolia	2	2	4	5.24	2.985	0.3825	2.44	0.3526	0.0421	0.8201	0.8622	1.2148	0.119398752	2.445263755	0.16	56.77	0.43	0.08	0.08	0.298013332	0.589761092	1.075	0.249422633	1.051094891
crassifolia	2	2	5	6.56	3.45	0.355	4.48	0.4856	0.1607	0.7621	0.9228	1.4084	0.330930807	1.900329489	0.16	56.77	0.43	0.08	0.08	0.298013332	0.589761092	1.075	0.249422633	1.051094891
crassifolia	2	2	6	5.6	3.2325	0.475	3.9975	0.4979	0.1649	1.2226	1.3875	1.8854	0.331191002	2.786704157	0.16	56.77	0.43	0.08	0.08	0.298013332	0.589761092	1.075	0.249422633	1.051094891
crassifolia	2	2	7	4.71	2.6025	0.4375	3.955	0.2251	0.0741	0.4856	0.5597	0.7848	0.329187028	2.486450466	0.16	56.77	0.43	0.08	0.08	0.298013332	0.589761092	1.075	0.249422633	1.051094891
crassifolia	2	2	8	8.04	3.9375	0.5125	2.6975	0.4181	0.0578	1.0014	1.0592	1.4773	0.138244439	2.533365224	0.16	56.77	0.43	0.08	0.08	0.298013332	0.589761092	1.075	0.249422633	1.051094891
crassifolia	2	2	9	4.06	2.005	0.3175	4.12	0.1334	0.1304	0.3522	0.4826	0.6160	0.977511244	3.617691154	0.16	56.77	0.43	0.08	0.08	0.298013332	0.589761092	1.075	0.249422633	1.051094891
crassifolia	2	2	10	6	3.0875	0.41	3.3275	0.3132	0.0549	0.6659	0.7208	1.0340	0.175287356	2.301404853	0.16	56.77	0.43	0.08	0.08	0.298013332	0.589761092	1.075	0.249422633	1.051094891
crassifolia	2	3	1	7.66	4.01	0.5	4.345	0.7723	0.4318	1.3954	1.8272	2.5995	0.559109154	2.365919979	0.1	70.55	0.32	0.09	0.08	0.370351252	0.368600683	0.8	0.280600462	1.051094891
crassifolia	2	3	2	6.03	3.175	0.4675	4.0925	0.4538	0.3105	1.0796	1.3901	1.8439	0.684222124	3.06324372	0.1	70.55	0.32	0.09	0.08	0.370351252	0.368600683	0.8	0.280600462	1.051094891
crassifolia	2	3	3	5.75	3.3025	0.4225	3.34	0.3118	0.0954	0.6565	0.7519	1.0637	0.305965362	2.411481719	0.1	70.55	0.32	0.09	0.08	0.370351252	0.368600683	0.8	0.280600462	1.051094891
crassifolia	2	3	4	5.64	3.62	0.4575	4.1625	0.5364	0.1828	1.2641	1.4469	1.9833	0.340790455	2.697427293	0.1	70.55	0.32	0.09	0.08	0.370351252	0.368600683	0.8	0.280600462	1.051094891
crassifolia	2	3	5	7.57	3.765	0.4275	4.3075	0.3972	0.3253	1.1943	1.5196	1.9168	0.81898288	3.825780463	0.1	70.55	0.32	0.09	0.08	0.370351252	0.368600683	0.8	0.280600462	1.051094891
crassifolia	2	3	6	5.83	3.2025	0.3925	3.745	0.2431	0.1574	0.9995	1.1569	1.4000	0.647470177	4.758946935	0.1	70.55	0.32	0.09	0.08	0.370351252	0.368600683	0.8	0.280600462	1.051094891
crassifolia	2	3	7	6.08	3.1675	0.46	3.11	0.4188	0.2253	0.8230	1.0483	1.4671	0.537965616	2.503104107	0.1	70.55	0.32	0.09	0.08	0.370351252	0.368600683	0.8	0.280600462	1.051094891
crassifolia	2	3	8	4.14	2.41	0.3975	3.405	0.1768	0.0878	0.4536	0.5414	0.7182	0.496606335	3.062217195	0.1	70.55	0.32	0.09	0.08	0.370351252	0.368600683	0.8	0.280600462	1.051094891
crassifolia	2	3	9	4.84	3.645	0.4375	4.4075	0.2950	0.1670	0.6882	0.8552	1.1502	0.566101695	2.898983051	0.1	70.55	0.32	0.09	0.08	0.370351252	0.368600683	0.8	0.280600462	1.051094891
crassifolia	2	3	10	5.13	2.735	0.37	3.9025	0.2093	0.1583	0.5035	0.6618	0.8711	0.756330626	3.161968466	0.1	70.55	0.32	0.09	0.08	0.370351252	0.368600683	0.8	0.280600462	1.051094891
crassifolia	2	4	1	5.46	3.1675	0.45	4.84	0.7731	0.2816	0.5992	0.8808	1.6539	0.364247833	1.139309274	0.06	64.51	0.32	0.04	0.08	0.338644355	0.22116041	0.8	0.124711316	1.051094891
crassifolia	2	4	2	3.02	1.7925	0.2425	4.375	0.0488	0.0464	0.1863	0.2327	0.2815	0.950819672	4.768442623	0.06	64.51	0.32	0.04	0.08	0.338644355	0.22116041	0.8	0.124711316	1.051094891
crassifolia	2	4	3	3.84	2.3325	0.325	2.8825	0.1570	0.0528	0.2915	0.3443	0.5013	0.336305732	2.192993631	0.06	64.51	0.32	0.04	0.08	0.338644355	0.22116041	0.8	0.124711316	1.051094891
crassifolia	2	4	4	8.06	4.52	0.585	4.6575	1.3624	0.3042	1.4717	1.7759	3.1383	0.223282443	1.303508514	0.06	64.51	0.32	0.04	0.08	0.338644355	0.22116041	0.8	0.124711316	1.051094891
crassifolia	2	4	5	4.32	2.34	0.3825	5.075	0.1931	0.1129	0.1808	0.2937	0.4868	0.584671155	1.520973589	0.06	64.51	0.32	0.04	0.08	0.338644355	0.22116041	0.8	0.124711316	1.051094891
crassifolia	2	4	6	4.04	2.595	0.29	2.81	0.1590	0.0131	0.0476	0.0607	0.2197	0.082389937	0.381761006	0.06	64.51	0.32	0.04	0.08	0.338644355	0.22116041	0.8	0.124711316	1.051094891
crassifolia	2	4	7	4.37	2.5175	0.395	4.4525	0.3218	0.0912	0.2074	0.2986	0.6204	0.283405842	0.927905531	0.06	64.51	0.32	0.04	0.08	0.338644355	0.22116041	0.8	0.124711316	1.051094891
crassifolia	2	4	8	6.53	4.11	0.5075	4.3925	0.7900	0.1035	0.9458	1.0493	1.8393	0.131012658	1.328227848	0.06	64.51	0.32	0.04	0.08	0.338644355	0.22116041	0.8	0.124711316	1.051094891
crassifolia	2	4	9	3.15	1.805	0.23	3.2825	0.0719	0.0202	0.1628	0.1830	0.2549	0.280945758	2.545201669	0.06	64.51	0.32	0.04	0.08	0.338644355	0.22116041	0.8	0.124711316	1.051094891
crassifolia	2	4	10	6.67	3.8825	0.5125	4.15	1.6466	0.3221	1.7340	2.0561	3.7027	0.195615207	1.248694279	0.06	64.51	0.32	0.04	0.08	0.338644355	0.22116041	0.8	0.124711316	1.051094891
crassifolia	2	5	1	6.64	3.49	0.47	3.815	0.2856	0.1467	0.5132	0.6599	0.9455	0.513655462	2.31057423	0.11	72.91	0.37	0.07	0.04	0.382740039	0.405460751	0.925	0.218244804	0.525547445
crassifolia	2	5	2	5.69	3.2375	0.4975	3.44	0.4053	0.0965	0.5359	0.6324	1.0377	0.238095238	1.560325685	0.11	72.91	0.37	0.07	0.04	0.382740039	0.405460751	0.925	0.218244804	0.525547445
crassifolia	2	5	3	6.75	3.75	0.505	4.3125	0.4747	0.1303	0.7180	0.8483	1.3230	0.274489151	1.787023383	0.11	72.91	0.37	0.07	0.04	0.382740039	0.405460751	0.925	0.218244804	0.525547445
crassifolia	2	5	4	8.2	4.24	0.5475	4.4275	0.7096	0.1639	0.7169	0.8808	1.5904	0.230975197	1.241262683	0.11	72.91	0.37	0.07	0.04	0.382740039	0.405460751	0.925	0.218244804	0.525547445
crassifolia	2	5	5	5.76	2.86	0.4575	3.455	0.2373	0.0528	0.6903	0.7431	0.9804	0.222503161	3.13147914	0.11	72.91	0.37	0.07	0.04	0.382740039	0.405460751	0.925	0.218244804	0.525547445
crassifolia	2	5	6	7.57	3.79	0.53	3.29	0.3131	0.1188	0.4153	0.5341	0.8472	0.379431492	1.705844778	0.11	72.91	0.37	0.07	0.04	0.382740039	0.405460751	0.925	0.218244804	0.525547445
crassifolia	2	5	7	6.05	3.1375	0.4	4.1775	0.4489	0.1422	1.3536	1.4958	1.9447	0.316774337	3.332145244	0.11	72.91	0.37	0.07	0.04	0.382740039	0.405460751	0.925	0.218244804	0.525547445
crassifolia	2	5	8	4.42	2.405	0.375	3.455	0.4288	0.2020	0.9439	1.1459	1.5747	0.47108209	2.672341418	0.11	72.91	0.37	0.07	0.04	0.382740039	0.405460751	0.925	0.218244804	0.525547445
crassifolia	2	5	9	5.31	2.8075	0.4525	5.1625	0.1955	0.0559	0.3890	0.4449	0.6404	0.285933504	2.275703325	0.11	72.91	0.37	0.07	0.04	0.382740039	0.405460751	0.925	0.218244804	0.525547445
crassifolia	2	5	10	6.17	3.1175	0.4575	2.9175	0.2306	0.2026	0.6220	0.8246	1.0552	0.878577624	3.575888985	0.11	72.91	0.37	0.07	0.04	0.382740039	0.405460751	0.925	0.218244804	0.525547445
crassifolia	2	6	1	5.2	2.81	0.445	3.4025	0.2430	0.1960	0.4515	0.6475	0.8905	0.806584362	2.664609053	0.04	40.44	0.32	0.08	0.04	0.212289222	0.147440273	0.8	0.249422633	0.525547445
crassifolia	2	6	2	4.72	2.3875	0.2475	2.515	0.0975	0.0214	0.0651	0.0865	0.1840	0.219487179	0.887179487	0.04	40.44	0.32	0.08	0.04	0.212289222	0.147440273	0.8	0.249422633	0.525547445
crassifolia	2	6	3	4.96	2.7775	0.2975	3.0225	0.2992	0.1189	0.3722	0.4911	0.7903	0.397393048	1.641377005	0.04	40.44	0.32	0.08	0.04	0.212289222	0.147440273	0.8	0.249422633	0.525547445
crassifolia	2	6	4	5.51	3.2775	0.47	3.8125	0.4171	0.1116	0.6049	0.7165	1.1336	0.267561736	1.717813474	0.04	40.44	0.32	0.08	0.04	0.212289222	0.147440273	0.8	0.249422633	0.525547445
crassifolia	2	6	5	4.86	2.3675	0.3975	4.4225	0.5226	0.2932	0.7983	1.0915	1.6141	0.561040949	2.088595484	0.04	40.44	0.32	0.08	0.04	0.212289222	0.147440273	0.8	0.249422633	0.525547445
crassifolia	2	6	6	5.46	2.92	0.4175	4.335	0.5891	0.1988	0.4770	0.6758	1.2649	0.337463928	1.147173655	0.04	40.44	0.32	0.08	0.04	0.212289222	0.147440273	0.8	0.249422633	0.525547445
crassifolia	2	6	7	5.02	3.5025	0.3875	3.655	0.4800	0.1187	0.5438	0.6625	1.1425	0.247291667	1.380208333	0.04	40.44	0.32	0.08	0.04	0.212289222	0.147440273	0.8	0.249422633	0.525547445
crassifolia	2	6	8	6.48	4.1775	0.5325	4.8	0.9242	0.2776	0.6387	0.9163	1.8405	0.300367886	0.991452067	0.04	40.44	0.32	0.08	0.04	0.212289222	0.147440273	0.8	0.249422633	0.525547445
crassifolia	2	6	9	4.74	2.4375	0.38	3.2075	0.3996	0.1106	0.6475	0.7581	1.1577	0.276776777	1.897147147	0.04	40.44	0.32	0.08	0.04	0.212289222	0.147440273	0.8	0.249422633	0.525547445
crassifolia	2	6	10	5.45	3.1025	0.405	3.555	0.2803	0.1026	0.3961	0.4987	0.7790	0.36603639	1.77916518	0.04	40.44	0.32	0.08	0.04	0.212289222	0.147440273	0.8	0.249422633	0.525547445
crassifolia	3	1	1	4.59	2.515	0.345	2.13	0.3539	0.0658	0.5161	0.5819	0.9358	0.185928228	1.644249788	0.43	127.07	0.62	0.03	0.1	0.667052212	1.584982935	1.55	0.093533487	1.313868613
crassifolia	3	1	2	3.94	2.5425	0.3925	2.0725	0.3812	0.0552	0.8934	0.9486	1.3298	0.144805876	2.488457503	0.43	127.07	0.62	0.03	0.1	0.667052212	1.584982935	1.55	0.093533487	1.313868613
crassifolia	3	1	3	4.04	2.49	0.5025	2.945	0.4131	0.0719	0.4160	0.4879	0.9010	0.174049867	1.181069959	0.43	127.07	0.62	0.03	0.1	0.667052212	1.584982935	1.55	0.093533487	1.313868613
crassifolia	3	1	4	4.65	2.7925	0.39	2.3875	0.4586	0.0462	0.1989	0.2451	0.7037	0.100741387	0.534452682	0.43	127.07	0.62	0.03	0.1	0.667052212	1.584982935	1.55	0.093533487	1.313868613
crassifolia	3	1	5	4.35	3.0575	0.4925	3.3	0.3552	0.0214	0.2287	0.2501	0.6053	0.060247748	0.70411036	0.43	127.07	0.62	0.03	0.1	0.667052212	1.584982935	1.55	0.093533487	1.313868613
crassifolia	3	1	6	3.77	2.0075	0.41	3.905	0.6296	0.1130	0.5839	0.6969	1.3265	0.179479034	1.106893266	0.43	127.07	0.62	0.03	0.1	0.667052212	1.584982935	1.55	0.093533487	1.313868613
crassifolia	3	1	7	4.45	2.9275	0.37	2.5475	0.1837	0.0427	0.3453	0.3880	0.5717	0.232444203	2.112139358	0.43	127.07	0.62	0.03	0.1	0.667052212	1.584982935	1.55	0.093533487	1.313868613
crassifolia	3	1	8	3.78	2.235	0.435	2.31	0.3110	0.0293	0.1815	0.2108	0.5218	0.094212219	0.677813505	0.43	127.07	0.62	0.03	0.1	0.667052212	1.584982935	1.55	0.093533487	1.313868613
crassifolia	3	1	9	3.24	2.195	0.3225	2.0575	0.1184	0.0157	0.2734	0.2891	0.4075	0.132601351	2.441722973	0.43	127.07	0.62	0.03	0.1	0.667052212	1.584982935	1.55	0.093533487	1.313868613
crassifolia	3	1	10	3.76	2.3925	0.3175	2.3175	0.1917	0.0179	0.1071	0.1250	0.3167	0.093375065	0.652060511	0.43	127.07	0.62	0.03	0.1	0.667052212	1.584982935	1.55	0.093533487	1.313868613
crassifolia	3	2	1	3.51	2.0025	0.315	2.905	0.1500	0.0181	0.3653	0.3834	0.5334	0.120666667	2.556	0.36	232.95	0.58	0.08	0.04	1.222867812	1.326962457	1.45	0.249422633	0.525547445
crassifolia	3	2	2	2.98	1.8475	0.3	0.835	0.1535	0.0328	1.0783	1.1111	1.2646	0.213680782	7.238436482	0.36	232.95	0.58	0.08	0.04	1.222867812	1.326962457	1.45	0.249422633	0.525547445
crassifolia	3	2	3	3.03	1.78	0.365	3.385	0.3784	0.1044	1.1141	1.2185	1.5969	0.27589852	3.220137421	0.36	232.95	0.58	0.08	0.04	1.222867812	1.326962457	1.45	0.249422633	0.525547445
crassifolia	3	2	4	3.26	1.9325	0.3375	2.57	0.2259	0.0297	0.9622	0.9919	1.2178	0.131474104	4.390880921	0.36	232.95	0.58	0.08	0.04	1.222867812	1.326962457	1.45	0.249422633	0.525547445
crassifolia	3	2	5	2.89	1.8325	0.3375	2.0625	0.4361	0.2753	0.8100	1.0853	1.5214	0.63127723	2.488649392	0.36	232.95	0.58	0.08	0.04	1.222867812	1.326962457	1.45	0.249422633	0.525547445
crassifolia	3	2	6	3.07	1.65	0.325	2.7625	0.3247	0.0745	0.8350	0.9095	1.2342	0.229442562	2.80104712	0.36	232.95	0.58	0.08	0.04	1.222867812	1.326962457	1.45	0.249422633	0.525547445
crassifolia	3	2	7	3.49	1.98	0.3275	3.46	0.4487	0.0806	1.1971	1.2777	1.7264	0.179630042	2.847559617	0.36	232.95	0.58	0.08	0.04	1.222867812	1.326962457	1.45	0.249422633	0.525547445
crassifolia	3	2	8	3.11	1.7125	0.305	2.3675	0.2681	0.0898	1.3414	1.4312	1.6993	0.334949646	5.338306602	0.36	232.95	0.58	0.08	0.04	1.222867812	1.326962457	1.45	0.249422633	0.525547445
crassifolia	3	2	9	3.26	1.82	0.3525	2.625	0.3950	0.1137	0.4124	0.5261	0.9211	0.287848101	1.331898734	0.36	232.95	0.58	0.08	0.04	1.222867812	1.326962457	1.45	0.249422633	0.525547445
crassifolia	3	2	10	3.72	1.915	0.355	1.8325	0.7026	0.0285	0.8295	0.8580	1.5606	0.040563621	1.22117848	0.36	232.95	0.58	0.08	0.04	1.222867812	1.326962457	1.45	0.249422633	0.525547445
crassifolia	3	3	1	4.28	1.9	0.3575	3.6925	0.3506	0.0256	1.0198	1.0454	1.3960	0.073017684	2.981745579	0.56	121.73	0.4	0.1	0.04	0.639019956	2.064163823	1	0.311778291	0.525547445
crassifolia	3	3	2	4.19	2.0975	0.395	3.32	0.7076	0.0698	0.6311	0.7009	1.4085	0.098643301	0.990531374	0.56	121.73	0.4	0.1	0.04	0.639019956	2.064163823	1	0.311778291	0.525547445
crassifolia	3	3	3	4.14	2.1725	0.3775	3.87	0.6364	0.1230	0.7004	0.8234	1.4598	0.19327467	1.293840352	0.56	121.73	0.4	0.1	0.04	0.639019956	2.064163823	1	0.311778291	0.525547445
crassifolia	3	3	4	4.15	2.0925	0.355	3.6875	0.6250	0.1429	0.3741	0.5170	1.1420	0.22864	0.8272	0.56	121.73	0.4	0.1	0.04	0.639019956	2.064163823	1	0.311778291	0.525547445
crassifolia	3	3	5	5.46	3.3125	0.4025	3.105	0.3708	0.0579	0.3097	0.3676	0.7384	0.156148867	0.991370011	0.56	121.73	0.4	0.1	0.04	0.639019956	2.064163823	1	0.311778291	0.525547445
crassifolia	3	3	6	5.02	2.695	0.345	3.675	0.5692	0.0152	0.3060	0.3212	0.8904	0.026704146	0.564300773	0.56	121.73	0.4	0.1	0.04	0.639019956	2.064163823	1	0.311778291	0.525547445
crassifolia	3	3	7	5.46	2.585	0.3575	3.7575	0.9507	0.1444	0.4097	0.5541	1.5048	0.151888082	0.582833701	0.56	121.73	0.4	0.1	0.04	0.639019956	2.064163823	1	0.311778291	0.525547445
crassifolia	3	3	8	5.43	2.625	0.3575	3.64	0.3107	0.0284	0.3902	0.4186	0.7293	0.091406501	1.347280335	0.56	121.73	0.4	0.1	0.04	0.639019956	2.064163823	1	0.311778291	0.525547445
crassifolia	3	3	9	3.79	2.8425	0.3575	3.605	0.1518	0.0256	0.1667	0.1923	0.3441	0.168642951	1.266798419	0.56	121.73	0.4	0.1	0.04	0.639019956	2.064163823	1	0.311778291	0.525547445
crassifolia	3	3	10	4.18	3.115	0.3325	3.645	0.1454	0.0410	0.1593	0.2003	0.3457	0.281980743	1.377579092	0.56	121.73	0.4	0.1	0.04	0.639019956	2.064163823	1	0.311778291	0.525547445
crassifolia	3	4	1	6.65	4.0825	0.415	3.605	0.8675	0.2827	2.8671	3.1498	4.0173	0.325878963	3.630893372	0.3	75.28	0.4	0.1	0.04	0.395181322	1.105802048	1	0.311778291	0.525547445
crassifolia	3	4	2	6.07	3.3175	0.61	5.415	0.6353	0.3547	0.8902	1.2449	1.8802	0.558318904	1.959546671	0.3	75.28	0.4	0.1	0.04	0.395181322	1.105802048	1	0.311778291	0.525547445
crassifolia	3	4	3	6.95	3.7475	0.4225	4.5425	0.6432	0.3159	1.3857	1.7016	2.3448	0.49113806	2.645522388	0.3	75.28	0.4	0.1	0.04	0.395181322	1.105802048	1	0.311778291	0.525547445
crassifolia	3	4	4	5.01	2.805	0.4225	4.3975	0.8354	0.0632	0.9359	0.9991	1.8345	0.075652382	1.195954034	0.3	75.28	0.4	0.1	0.04	0.395181322	1.105802048	1	0.311778291	0.525547445
crassifolia	3	4	5	6.04	3.335	0.435	4.6625	0.8086	0.0667	0.5971	0.6638	1.4724	0.082488251	0.820925056	0.3	75.28	0.4	0.1	0.04	0.395181322	1.105802048	1	0.311778291	0.525547445
crassifolia	3	4	6	3.4	1.5575	0.2575	3.3575	0.2475	0.1099	0.6426	0.7525	1.0000	0.444040404	3.04040404	0.3	75.28	0.4	0.1	0.04	0.395181322	1.105802048	1	0.311778291	0.525547445
crassifolia	3	4	7	3.41	1.92	0.3525	2.4225	0.1598	0.0746	0.4209	0.4955	0.6553	0.466833542	3.100750939	0.3	75.28	0.4	0.1	0.04	0.395181322	1.105802048	1	0.311778291	0.525547445
crassifolia	3	4	8	6.04	3.3875	0.4625	5.05	0.2403	0.1968	1.2808	1.4776	1.7179	0.81897628	6.148980441	0.3	75.28	0.4	0.1	0.04	0.395181322	1.105802048	1	0.311778291	0.525547445
crassifolia	3	4	9	6.6	3.425	0.4325	5.4675	0.7838	0.1863	0.7396	0.9259	1.7097	0.237688186	1.181296249	0.3	75.28	0.4	0.1	0.04	0.395181322	1.105802048	1	0.311778291	0.525547445
crassifolia	3	4	10	6.54	3.1175	0.43	4.8175	0.6406	0.1557	1.6208	1.7765	2.4171	0.243053387	2.773181392	0.3	75.28	0.4	0.1	0.04	0.395181322	1.105802048	1	0.311778291	0.525547445
crassifolia	3	5	1	2.85	1.5725	0.3125	2.1375	0.1688	0.0336	0.6279	0.6615	0.8303	0.199052133	3.918838863	0.2	26.23	0.17	0.03	0.04	0.137694023	0.737201365	0.425	0.093533487	0.525547445
crassifolia	3	5	2	3.55	2.02	0.3625	2.3025	0.2353	0.1441	0.8083	0.9524	1.1877	0.61240969	4.04759881	0.2	26.23	0.17	0.03	0.04	0.137694023	0.737201365	0.425	0.093533487	0.525547445
crassifolia	3	5	3	3.16	1.9575	0.33	1.59	0.2457	0.0395	0.6863	0.7258	0.9715	0.160765161	2.954008954	0.2	26.23	0.17	0.03	0.04	0.137694023	0.737201365	0.425	0.093533487	0.525547445
crassifolia	3	5	4	3.54	1.825	0.28	2.6625	0.1251	0.0409	0.5958	0.6367	0.7618	0.326938449	5.089528377	0.2	26.23	0.17	0.03	0.04	0.137694023	0.737201365	0.425	0.093533487	0.525547445
crassifolia	3	5	5	2.51	1.645	0.34	2.23	0.1421	0.0335	0.3203	0.3538	0.4959	0.235749472	2.489795918	0.2	26.23	0.17	0.03	0.04	0.137694023	0.737201365	0.425	0.093533487	0.525547445
crassifolia	3	5	6	3.68	1.9525	0.3725	3.68	0.1983	0.0764	0.6649	0.7413	0.9396	0.385274836	3.73827534	0.2	26.23	0.17	0.03	0.04	0.137694023	0.737201365	0.425	0.093533487	0.525547445
crassifolia	3	5	7	4.75	2.4	0.3825	3.45	0.4360	0.1808	1.0211	1.2019	1.6379	0.414678899	2.756651376	0.2	26.23	0.17	0.03	0.04	0.137694023	0.737201365	0.425	0.093533487	0.525547445
crassifolia	3	5	8	4.63	2.32	0.355	3.5025	0.3681	0.0244	0.5899	0.6143	0.9824	0.066286335	1.668839989	0.2	26.23	0.17	0.03	0.04	0.137694023	0.737201365	0.425	0.093533487	0.525547445
crassifolia	3	5	9	3.37	2.045	0.3125	3.66	0.4288	0.0739	0.4166	0.4905	0.9193	0.172341418	1.143889925	0.2	26.23	0.17	0.03	0.04	0.137694023	0.737201365	0.425	0.093533487	0.525547445
crassifolia	3	5	10	2.99	1.8875	0.335	1.4475	0.1808	0.0188	0.4051	0.4239	0.6047	0.103982301	2.344579646	0.2	26.23	0.17	0.03	0.04	0.137694023	0.737201365	0.425	0.093533487	0.525547445
crassifolia	3	6	1	3.87	1.755	0.32	3.445	0.2392	0.1101	0.8183	0.9284	1.1676	0.460284281	3.881270903	0.17	334.58	0.2	0.06	0.04	1.756373095	0.62662116	0.5	0.187066975	0.525547445
crassifolia	3	6	2	3.8	1.885	0.2375	2.8925	0.0517	0.0430	0.2083	0.2513	0.3030	0.83172147	4.86073501	0.17	334.58	0.2	0.06	0.04	1.756373095	0.62662116	0.5	0.187066975	0.525547445
crassifolia	3	6	3	3.41	2.1575	0.245	3.29	0.1236	0.0519	0.1609	0.2128	0.3364	0.419902913	1.721682848	0.17	334.58	0.2	0.06	0.04	1.756373095	0.62662116	0.5	0.187066975	0.525547445
crassifolia	3	6	4	4.48	1.7975	0.3425	2.6625	0.2250	0.0360	0.6132	0.6492	0.8742	0.16	2.885333333	0.17	334.58	0.2	0.06	0.04	1.756373095	0.62662116	0.5	0.187066975	0.525547445
crassifolia	3	6	5	4.69	2.1925	0.3975	3.7	0.4560	0.0775	2.1631	2.2406	2.6966	0.16995614	4.913596491	0.17	334.58	0.2	0.06	0.04	1.756373095	0.62662116	0.5	0.187066975	0.525547445
crassifolia	3	6	6	4.19	2.0475	0.3725	4.065	0.2389	0.0873	0.7704	0.8577	1.0966	0.365424864	3.590205107	0.17	334.58	0.2	0.06	0.04	1.756373095	0.62662116	0.5	0.187066975	0.525547445
crassifolia	3	6	7	2.91	1.75	0.305	4.09	0.2266	0.0298	1.0015	1.0313	1.2579	0.131509267	4.551191527	0.17	334.58	0.2	0.06	0.04	1.756373095	0.62662116	0.5	0.187066975	0.525547445
crassifolia	3	6	8	3.49	1.6425	0.2725	3.865	0.1372	0.1058	0.9714	1.0772	1.2144	0.771137026	7.851311953	0.17	334.58	0.2	0.06	0.04	1.756373095	0.62662116	0.5	0.187066975	0.525547445
crassifolia	3	6	9	3.09	1.295	0.31	4.8275	0.1841	0.1028	0.5700	0.6728	0.8569	0.558392178	3.654535578	0.17	334.58	0.2	0.06	0.04	1.756373095	0.62662116	0.5	0.187066975	0.525547445
crassifolia	3	6	10	5.18	2.84	0.375	3.295	0.1380	0.0431	0.9690	1.0121	1.1501	0.312318841	7.334057971	0.17	334.58	0.2	0.06	0.04	1.756373095	0.62662116	0.5	0.187066975	0.525547445
spiralis	1	1	1	7.06	3.5675	0.5625	3.0675	0.8185	0.0752	1.2429	1.3181	2.1366	0.091875382	1.61038485	0.41	763.55	0.32	0.38	0.1	4.008245193	1.511262799	0.8	1.184757506	1.313868613
spiralis	1	1	2	5.01	3.0375	0.41	3.375	0.3151	0.0828	0.3055	0.3883	0.7034	0.262773723	1.232307204	0.41	763.55	0.32	0.38	0.1	4.008245193	1.511262799	0.8	1.184757506	1.313868613
spiralis	1	1	3	4.39	2.3275	0.48	2.12	0.1160	0.0378	0.3597	0.3975	0.5135	0.325862069	3.426724138	0.41	763.55	0.32	0.38	0.1	4.008245193	1.511262799	0.8	1.184757506	1.313868613
spiralis	1	1	4	6.1	3.3175	0.545	2.325	0.2515	0.0328	0.2845	0.3173	0.5688	0.130417495	1.261630219	0.41	763.55	0.32	0.38	0.1	4.008245193	1.511262799	0.8	1.184757506	1.313868613
spiralis	1	1	5	5.59	3.095	0.4925	2.63	0.4372	0.0907	0.8721	0.9628	1.4000	0.207456542	2.202195791	0.41	763.55	0.32	0.38	0.1	4.008245193	1.511262799	0.8	1.184757506	1.313868613
spiralis	1	1	6	5.73	2.8925	0.5375	2.26	0.2793	0.0480	0.5918	0.6398	0.9191	0.171858217	2.290726817	0.41	763.55	0.32	0.38	0.1	4.008245193	1.511262799	0.8	1.184757506	1.313868613
spiralis	1	1	7	4.83	2.425	0.3775	3.365	0.3038	0.0730	0.7124	0.7854	1.0892	0.240289664	2.585253456	0.41	763.55	0.32	0.38	0.1	4.008245193	1.511262799	0.8	1.184757506	1.313868613
spiralis	1	1	8	1.54	1.1725	0.2025	3.5125	0.0273	0.0096	0.2944	0.3040	0.3313	0.351648352	11.13553114	0.41	763.55	0.32	0.38	0.1	4.008245193	1.511262799	0.8	1.184757506	1.313868613
spiralis	1	1	9	4.75	2.2925	0.5075	4.575	0.2640	0.0502	0.6699	0.7201	0.9841	0.190151515	2.727651515	0.41	763.55	0.32	0.38	0.1	4.008245193	1.511262799	0.8	1.184757506	1.313868613
spiralis	1	1	10	3.54	2.3	0.2625	4.5175	0.0585	0.0181	0.3596	0.3777	0.4362	0.309401709	6.456410256	0.41	763.55	0.32	0.38	0.1	4.008245193	1.511262799	0.8	1.184757506	1.313868613
spiralis	1	2	1	3.75	1.9225	0.365	3.9125	0.1337	0.4460	0.6045	1.0505	1.1842	3.335826477	7.857142857	0.34	567.39	0.36	0.12	0.08	2.978505979	1.253242321	0.9	0.374133949	1.051094891
spiralis	1	2	2	2.72	1.5675	0.33	2.8975	0.0840	0.0838	0.1525	0.2363	0.3203	0.997619048	2.813095238	0.34	567.39	0.36	0.12	0.08	2.978505979	1.253242321	0.9	0.374133949	1.051094891
spiralis	1	2	3	4.81	2.2575	0.47	2.9775	0.2142	0.1088	0.4070	0.5158	0.7300	0.507936508	2.408029879	0.34	567.39	0.36	0.12	0.08	2.978505979	1.253242321	0.9	0.374133949	1.051094891
spiralis	1	2	4	6.63	3.5525	0.5975	3.1725	0.3473	0.3544	0.6033	0.9577	1.3050	1.020443421	2.757558307	0.34	567.39	0.36	0.12	0.08	2.978505979	1.253242321	0.9	0.374133949	1.051094891
spiralis	1	2	5	5.69	3.09	0.525	5.055	0.2566	0.0360	0.1299	0.1659	0.4225	0.140296181	0.646531567	0.34	567.39	0.36	0.12	0.08	2.978505979	1.253242321	0.9	0.374133949	1.051094891
spiralis	1	2	6	6.25	3.1675	0.4425	6.0425	0.2102	0.0214	0.1020	0.1234	0.3336	0.101807802	0.587059943	0.34	567.39	0.36	0.12	0.08	2.978505979	1.253242321	0.9	0.374133949	1.051094891
spiralis	1	2	7	5.5	2.94	0.5675	7.07	0.4377	0.2941	0.5428	0.8369	1.2746	0.671921407	1.91204021	0.34	567.39	0.36	0.12	0.08	2.978505979	1.253242321	0.9	0.374133949	1.051094891
spiralis	1	2	8	4.05	2.115	0.4025	3.72	0.1940	0.0648	0.6726	0.7374	0.9314	0.334020619	3.801030928	0.34	567.39	0.36	0.12	0.08	2.978505979	1.253242321	0.9	0.374133949	1.051094891
spiralis	1	2	9	2.39	1.1175	0.23	2.115	0.0325	0.0093	0.0308	0.0401	0.0726	0.286153846	1.233846154	0.34	567.39	0.36	0.12	0.08	2.978505979	1.253242321	0.9	0.374133949	1.051094891
spiralis	1	2	10	4.85	2.55	0.49	2.6725	0.3602	0.0703	0.6109	0.6812	1.0414	0.19516935	1.891171571	0.34	567.39	0.36	0.12	0.08	2.978505979	1.253242321	0.9	0.374133949	1.051094891
spiralis	1	3	1	2.75	1.4875	0.295	2.615	0.0706	0.0232	0.0773	0.1005	0.1711	0.328611898	1.423512748	0.48	375.87	0.26	0.21	0.04	1.97312438	1.769283276	0.65	0.654734411	0.525547445
spiralis	1	3	2	3.45	2.0025	0.365	3.1925	0.0855	0.0822	0.3703	0.4525	0.5380	0.961403509	5.292397661	0.48	375.87	0.26	0.21	0.04	1.97312438	1.769283276	0.65	0.654734411	0.525547445
spiralis	1	3	3	4.59	2.1475	0.44	3.175	0.1614	0.0480	0.6856	0.7336	0.8950	0.29739777	4.545229244	0.48	375.87	0.26	0.21	0.04	1.97312438	1.769283276	0.65	0.654734411	0.525547445
spiralis	1	3	4	2.78	1.6575	0.27	4.76	0.0619	0.0161	0.3292	0.3453	0.4072	0.260096931	5.578352181	0.48	375.87	0.26	0.21	0.04	1.97312438	1.769283276	0.65	0.654734411	0.525547445
spiralis	1	3	5	3.58	1.7625	0.365	2.5825	0.1645	0.0495	0.7419	0.7914	0.9559	0.300911854	4.810942249	0.48	375.87	0.26	0.21	0.04	1.97312438	1.769283276	0.65	0.654734411	0.525547445
spiralis	1	3	6	3.99	2.445	0.51	3.285	0.2056	0.1786	0.8685	1.0471	1.2527	0.868677043	5.092898833	0.48	375.87	0.26	0.21	0.04	1.97312438	1.769283276	0.65	0.654734411	0.525547445
spiralis	1	3	7	3.92	2.375	0.435	3.035	0.1959	0.0362	0.6575	0.6937	0.8896	0.184788157	3.541092394	0.48	375.87	0.26	0.21	0.04	1.97312438	1.769283276	0.65	0.654734411	0.525547445
spiralis	1	3	8	2.7	1.56	0.3	1.8075	0.0554	0.0034	0.6020	0.6054	0.6608	0.061371841	10.92779783	0.48	375.87	0.26	0.21	0.04	1.97312438	1.769283276	0.65	0.654734411	0.525547445
spiralis	1	3	9	4.66	2.36	0.4775	2.925	0.1596	0.0518	0.2451	0.2969	0.4565	0.324561404	1.860275689	0.48	375.87	0.26	0.21	0.04	1.97312438	1.769283276	0.65	0.654734411	0.525547445
spiralis	1	3	10	3.63	2.1	0.385	2.6925	0.1126	0.0436	0.4106	0.4542	0.5668	0.387211368	4.03374778	0.48	375.87	0.26	0.21	0.04	1.97312438	1.769283276	0.65	0.654734411	0.525547445
spiralis	1	4	1	4.48	2.2625	0.35	3.9175	0.1898	0.0467	0.2309	0.2776	0.4674	0.246048472	1.462592202	0.39	918.27	0.37	0.19	0.17	4.820445699	1.437542662	0.925	0.592378753	2.233576642
spiralis	1	4	2	5.08	2.9475	0.385	3.7875	0.2484	0.0656	0.8189	0.8845	1.1329	0.264090177	3.56078905	0.39	918.27	0.37	0.19	0.17	4.820445699	1.437542662	0.925	0.592378753	2.233576642
spiralis	1	4	3	2.99	2.405	0.3325	2.3275	0.1201	0.0226	0.3335	0.3561	0.4762	0.18817652	2.965029142	0.39	918.27	0.37	0.19	0.17	4.820445699	1.437542662	0.925	0.592378753	2.233576642
spiralis	1	4	4	4.08	2.3425	0.37	2.585	0.1163	0.1052	0.6534	0.7586	0.8749	0.90455718	6.522785899	0.39	918.27	0.37	0.19	0.17	4.820445699	1.437542662	0.925	0.592378753	2.233576642
spiralis	1	4	5	4.55	2.5525	0.39	3.4775	0.2883	0.0628	0.9550	1.0178	1.3061	0.217828651	3.53035033	0.39	918.27	0.37	0.19	0.17	4.820445699	1.437542662	0.925	0.592378753	2.233576642
spiralis	1	4	6	4.22	2.645	0.3125	3.115	0.2144	0.0283	0.4420	0.4703	0.6847	0.131996269	2.193563433	0.39	918.27	0.37	0.19	0.17	4.820445699	1.437542662	0.925	0.592378753	2.233576642
spiralis	1	4	7	3.5	1.995	0.36	3.54	0.1537	0.0995	0.7834	0.8829	1.0366	0.647364997	5.744307092	0.39	918.27	0.37	0.19	0.17	4.820445699	1.437542662	0.925	0.592378753	2.233576642
spiralis	1	4	8	3.04	2.08	0.3075	4.855	0.1174	0.0290	0.4379	0.4669	0.5843	0.247018739	3.977001704	0.39	918.27	0.37	0.19	0.17	4.820445699	1.437542662	0.925	0.592378753	2.233576642
spiralis	1	4	9	5.11	2.7225	0.345	6.6525	0.1743	0.0784	1.1916	1.2700	1.4443	0.449799197	7.286288009	0.39	918.27	0.37	0.19	0.17	4.820445699	1.437542662	0.925	0.592378753	2.233576642
spiralis	1	4	10	4.45	2.3125	0.305	4.195	0.1454	0.1690	0.9508	1.1198	1.2652	1.162310867	7.701513067	0.39	918.27	0.37	0.19	0.17	4.820445699	1.437542662	0.925	0.592378753	2.233576642
spiralis	1	5	1	3.82	2.18	0.3675	4.8975	0.1019	0.0560	0.1144	0.1704	0.2723	0.549558391	1.672227674	0.40	409.32	0.54	0.12	0.06	2.148719694	1.47440273	1.35	0.374133949	0.788321168
spiralis	1	5	2	4.03	2.4675	0.42	6.1225	0.1697	0.0942	0.1984	0.2926	0.4623	0.55509723	1.72421921	0.40	409.32	0.54	0.12	0.06	2.148719694	1.47440273	1.35	0.374133949	0.788321168
spiralis	1	5	3	4.38	2.4675	0.44	4.475	0.1655	0.0850	0.6063	0.6913	0.8568	0.513595166	4.177039275	0.40	409.32	0.54	0.12	0.06	2.148719694	1.47440273	1.35	0.374133949	0.788321168
spiralis	1	5	4	4.49	2.445	0.2975	4.145	0.0563	0.0370	0.1278	0.1648	0.2211	0.657193606	2.927175844	0.40	409.32	0.54	0.12	0.06	2.148719694	1.47440273	1.35	0.374133949	0.788321168
spiralis	1	5	5	4.52	2.3275	0.3875	3.9675	0.1294	0.0876	0.1923	0.2799	0.4093	0.676970634	2.163060278	0.40	409.32	0.54	0.12	0.06	2.148719694	1.47440273	1.35	0.374133949	0.788321168
spiralis	1	5	6	3.86	2.7925	0.33	2.4	0.0730	0.0292	0.3209	0.3501	0.4231	0.4	4.795890411	0.40	409.32	0.54	0.12	0.06	2.148719694	1.47440273	1.35	0.374133949	0.788321168
spiralis	1	5	7	3.73	2.5625	0.4125	5.71	0.2129	0.1184	0.6103	0.7287	0.9416	0.556129638	3.422733678	0.40	409.32	0.54	0.12	0.06	2.148719694	1.47440273	1.35	0.374133949	0.788321168
spiralis	1	5	8	4.56	2.3575	0.385	5.34	0.1598	0.0836	0.3015	0.3851	0.5449	0.523153942	2.409887359	0.40	409.32	0.54	0.12	0.06	2.148719694	1.47440273	1.35	0.374133949	0.788321168
spiralis	1	5	9	3.54	2.1725	0.345	5.4575	0.1004	0.0514	0.2558	0.3072	0.4076	0.511952191	3.059760956	0.40	409.32	0.54	0.12	0.06	2.148719694	1.47440273	1.35	0.374133949	0.788321168
spiralis	1	5	10	4.22	2.3025	0.3225	4.58	0.1509	0.0871	0.2480	0.3351	0.4860	0.577203446	2.220675944	0.40	409.32	0.54	0.12	0.06	2.148719694	1.47440273	1.35	0.374133949	0.788321168
spiralis	1	6	1	4.75	2.5125	0.355	5.6425	0.1579	0.0327	0.4207	0.4534	0.6113	0.207093097	2.871437619	0.31	278.67	0.45	0.24	0.06	1.462874321	1.142662116	1.125	0.748267898	0.788321168
spiralis	1	6	2	6.45	3.3425	0.4175	6.755	0.2735	0.1077	0.9270	1.0347	1.3082	0.393784278	3.783180987	0.31	278.67	0.45	0.24	0.06	1.462874321	1.142662116	1.125	0.748267898	0.788321168
spiralis	1	6	3	5.94	3.175	0.345	6.92	0.1707	0.0818	0.8343	0.9161	1.0868	0.479203281	5.366725249	0.31	278.67	0.45	0.24	0.06	1.462874321	1.142662116	1.125	0.748267898	0.788321168
spiralis	1	6	4	5.19	3.595	0.37	6.6225	0.2443	0.0612	0.6174	0.6786	0.9229	0.250511666	2.777732296	0.31	278.67	0.45	0.24	0.06	1.462874321	1.142662116	1.125	0.748267898	0.788321168
spiralis	1	6	5	4.9	2.9525	0.4075	6.6525	0.2674	0.0517	1.3390	1.3907	1.6581	0.193343306	5.200822737	0.31	278.67	0.45	0.24	0.06	1.462874321	1.142662116	1.125	0.748267898	0.788321168
spiralis	1	6	6	2.74	1.56	0.205	3.095	0.0606	0.0210	0.2830	0.3040	0.3646	0.346534653	5.01650165	0.31	278.67	0.45	0.24	0.06	1.462874321	1.142662116	1.125	0.748267898	0.788321168
spiralis	1	6	7	5.59	3.115	0.3875	6.565	0.2326	0.1473	0.2834	0.4307	0.6633	0.63327601	1.851676698	0.31	278.67	0.45	0.24	0.06	1.462874321	1.142662116	1.125	0.748267898	0.788321168
spiralis	1	6	8	5.11	2.89	0.3475	7.1325	0.2088	0.1106	0.7514	0.8620	1.0708	0.529693487	4.12835249	0.31	278.67	0.45	0.24	0.06	1.462874321	1.142662116	1.125	0.748267898	0.788321168
spiralis	1	6	9	4.67	2.7175	0.3475	4.85	0.1506	0.0424	0.4265	0.4689	0.6195	0.281540505	3.113545817	0.31	278.67	0.45	0.24	0.06	1.462874321	1.142662116	1.125	0.748267898	0.788321168
spiralis	1	6	10	5.77	2.6325	0.4025	5.4	0.1680	0.1056	0.2406	0.3462	0.5142	0.628571429	2.060714286	0.31	278.67	0.45	0.24	0.06	1.462874321	1.142662116	1.125	0.748267898	0.788321168
spiralis	2	1	1	4.69	2.425	0.4325	4.85	0.1979	0.1351	0.7324	0.8675	1.0654	0.682668014	4.383527034	0.33	21.44	0.38	3.47	0.04	0.112548984	1.216382253	0.95	10.8187067	0.525547445
spiralis	2	1	2	4.22	2.08	0.44	4.555	0.0513	0.0182	0.1436	0.1618	0.2131	0.354775828	3.153996101	0.33	21.44	0.38	3.47	0.04	0.112548984	1.216382253	0.95	10.8187067	0.525547445
spiralis	2	1	3	2.89	1.5975	0.335	2.3275	0.2993	0.1334	0.4890	0.6224	0.9217	0.445706649	2.079518877	0.33	21.44	0.38	3.47	0.04	0.112548984	1.216382253	0.95	10.8187067	0.525547445
spiralis	2	1	4	4.12	2.2275	0.3825	3.1775	0.1793	0.0611	0.5870	0.6481	0.8274	0.34076966	3.614612381	0.33	21.44	0.38	3.47	0.04	0.112548984	1.216382253	0.95	10.8187067	0.525547445
spiralis	2	1	5	5.23	2.6525	0.5025	4.06	0.0537	0.0228	0.0716	0.0944	0.1481	0.424581006	1.757914339	0.33	21.44	0.38	3.47	0.04	0.112548984	1.216382253	0.95	10.8187067	0.525547445
spiralis	2	1	6	2.57	1.3675	0.2975	2.5975	0.2486	0.0733	1.1176	1.1909	1.4395	0.294851167	4.790426388	0.33	21.44	0.38	3.47	0.04	0.112548984	1.216382253	0.95	10.8187067	0.525547445
spiralis	2	1	7	4.11	2.385	0.445	3.985	0.0641	0.0452	0.2209	0.2661	0.3302	0.705148206	4.151326053	0.33	21.44	0.38	3.47	0.04	0.112548984	1.216382253	0.95	10.8187067	0.525547445
spiralis	2	1	8	2.88	1.4	0.275	4.5075	0.0692	0.0228	0.1772	0.2000	0.2692	0.329479769	2.89017341	0.33	21.44	0.38	3.47	0.04	0.112548984	1.216382253	0.95	10.8187067	0.525547445
spiralis	2	1	9	2.96	1.625	0.335	4.37	0.0540	0.1442	0.1935	0.3377	0.3917	2.67037037	6.253703704	0.33	21.44	0.38	3.47	0.04	0.112548984	1.216382253	0.95	10.8187067	0.525547445
spiralis	2	1	10	2.92	1.795	0.3725	4.7525	0.1353	0.0729	0.4148	0.4877	0.6230	0.538802661	3.604582409	0.33	21.44	0.38	3.47	0.04	0.112548984	1.216382253	0.95	10.8187067	0.525547445
spiralis	2	2	1	3.79	1.8325	0.3425	2.7675	0.0661	0.0894	0.5328	0.6222	0.6883	1.352496218	9.41301059	0.22	30.57	0.42	0.19	0.04	0.160476793	0.810921502	1.05	0.592378753	0.525547445
spiralis	2	2	2	5.31	2.845	0.485	4.145	0.3163	0.1207	0.4240	0.5447	0.8610	0.381599747	1.722099273	0.22	30.57	0.42	0.19	0.04	0.160476793	0.810921502	1.05	0.592378753	0.525547445
spiralis	2	2	3	3.3	1.57	0.3125	2.755	0.0855	0.0251	0.2885	0.3136	0.3991	0.293567251	3.667836257	0.22	30.57	0.42	0.19	0.04	0.160476793	0.810921502	1.05	0.592378753	0.525547445
spiralis	2	2	4	2.87	1.5875	0.3975	2.435	0.0738	0.0407	0.3907	0.4314	0.5052	0.551490515	5.845528455	0.22	30.57	0.42	0.19	0.04	0.160476793	0.810921502	1.05	0.592378753	0.525547445
spiralis	2	2	5	2.78	1.5025	0.22	2.16	0.0349	0.0768	0.0605	0.1373	0.1722	2.200573066	3.934097421	0.22	30.57	0.42	0.19	0.04	0.160476793	0.810921502	1.05	0.592378753	0.525547445
spiralis	2	2	6	3.64	1.95	0.3175	3.075	0.0629	0.0420	0.1747	0.2167	0.2796	0.66772655	3.445151033	0.22	30.57	0.42	0.19	0.04	0.160476793	0.810921502	1.05	0.592378753	0.525547445
spiralis	2	2	7	3.3	1.7675	0.295	4.0025	0.1206	0.0962	0.7861	0.8823	1.0029	0.797678275	7.315920398	0.22	30.57	0.42	0.19	0.04	0.160476793	0.810921502	1.05	0.592378753	0.525547445
spiralis	2	2	8	2.64	1.3925	0.225	2.78	0.3390	0.0419	0.2188	0.2607	0.5997	0.12359882	0.769026549	0.22	30.57	0.42	0.19	0.04	0.160476793	0.810921502	1.05	0.592378753	0.525547445
spiralis	2	2	9	5.45	2.83	0.45	4.465	0.3706	0.3599	1.4255	1.7854	2.1560	0.971127901	4.817593092	0.22	30.57	0.42	0.19	0.04	0.160476793	0.810921502	1.05	0.592378753	0.525547445
spiralis	2	2	10	3.28	1.6725	0.295	2.2725	0.1164	0.0975	0.9074	1.0049	1.1213	0.837628866	8.633161512	0.22	30.57	0.42	0.19	0.04	0.160476793	0.810921502	1.05	0.592378753	0.525547445
spiralis	2	3	1	5.42	3.055	0.3675	3.5725	0.1564	0.0532	0.3799	0.4331	0.5895	0.340153453	2.769181586	0.28	21.05	0.42	0.15	0.04	0.110501685	1.032081911	1.05	0.467667436	0.525547445
spiralis	2	3	2	6.35	3.375	0.3925	5.155	0.2543	0.1266	2.4251	2.5517	2.8060	0.4978372	10.03421156	0.28	21.05	0.42	0.15	0.04	0.110501685	1.032081911	1.05	0.467667436	0.525547445
spiralis	2	3	3	4.34	2.4575	0.2875	3.4525	0.1690	0.0424	0.2786	0.3210	0.4900	0.250887574	1.899408284	0.28	21.05	0.42	0.15	0.04	0.110501685	1.032081911	1.05	0.467667436	0.525547445
spiralis	2	3	4	6.05	3.11	0.2825	4.095	0.2539	0.4473	1.2922	1.7395	1.9934	1.761717212	6.851122489	0.28	21.05	0.42	0.15	0.04	0.110501685	1.032081911	1.05	0.467667436	0.525547445
spiralis	2	3	5	4.2	2.27	0.2625	4.4125	0.0892	0.8888	0.1417	1.0305	1.1197	9.964125561	11.55269058	0.28	21.05	0.42	0.15	0.04	0.110501685	1.032081911	1.05	0.467667436	0.525547445
spiralis	2	3	6	2.95	1.7825	0.2825	3.695	0.0606	0.4660	0.0522	0.5182	0.5788	7.689768977	8.551155116	0.28	21.05	0.42	0.15	0.04	0.110501685	1.032081911	1.05	0.467667436	0.525547445
spiralis	2	3	7	2.01	1.455	0.3075	3.865	0.0729	0.0432	0.0534	0.0966	0.1695	0.592592593	1.325102881	0.28	21.05	0.42	0.15	0.04	0.110501685	1.032081911	1.05	0.467667436	0.525547445
spiralis	2	3	8	4.02	2.0775	0.2975	3.5125	0.0598	0.1020	0.3688	0.4708	0.5306	1.705685619	7.872909699	0.28	21.05	0.42	0.15	0.04	0.110501685	1.032081911	1.05	0.467667436	0.525547445
spiralis	2	3	9	5.51	2.8225	0.35	5.135	0.1765	0.3710	0.4770	0.8480	1.0245	2.101983003	4.804532578	0.28	21.05	0.42	0.15	0.04	0.110501685	1.032081911	1.05	0.467667436	0.525547445
spiralis	2	3	10	7.62	4.07	0.3875	5.315	0.3893	0.3851	1.8467	2.2318	2.6211	0.989211405	5.73285384	0.28	21.05	0.42	0.15	0.04	0.110501685	1.032081911	1.05	0.467667436	0.525547445
spiralis	2	4	1	2.36	1.5625	0.255	4.4025	0.0543	0.0417	0.2985	0.3402	0.3945	0.767955801	6.26519337	0.36	26	0.58	0.02	0.04	0.136486641	1.326962457	1.45	0.062355658	0.525547445
spiralis	2	4	2	4.29	2.195	0.485	4.5075	0.1490	0.1053	1.2339	1.3392	1.4882	0.706711409	8.987919463	0.36	26	0.58	0.02	0.04	0.136486641	1.326962457	1.45	0.062355658	0.525547445
spiralis	2	4	3	3.64	1.7625	0.3325	3.9125	0.1192	0.1754	0.8039	0.9793	1.0985	1.47147651	8.215604027	0.36	26	0.58	0.02	0.04	0.136486641	1.326962457	1.45	0.062355658	0.525547445
spiralis	2	4	4	2.11	1.2375	0.2675	3.2625	0.0444	0.0201	0.2553	0.2754	0.3198	0.452702703	6.202702703	0.36	26	0.58	0.02	0.04	0.136486641	1.326962457	1.45	0.062355658	0.525547445
spiralis	2	4	5	3.07	1.595	0.3325	2.53	0.0697	0.1065	0.4603	0.5668	0.6365	1.527977044	8.131994261	0.36	26	0.58	0.02	0.04	0.136486641	1.326962457	1.45	0.062355658	0.525547445
spiralis	2	4	6	4.03	1.89	0.3325	3.485	0.1142	0.0928	0.5208	0.6136	0.7278	0.812609457	5.373029772	0.36	26	0.58	0.02	0.04	0.136486641	1.326962457	1.45	0.062355658	0.525547445
spiralis	2	4	7	2.52	1.4275	0.225	3.3475	0.0399	0.0356	0.0622	0.0978	0.1377	0.892230576	2.45112782	0.36	26	0.58	0.02	0.04	0.136486641	1.326962457	1.45	0.062355658	0.525547445
spiralis	2	4	8	2.71	1.5425	0.27	3.055	0.0752	0.0385	0.3342	0.3727	0.4479	0.511968085	4.956117021	0.36	26	0.58	0.02	0.04	0.136486641	1.326962457	1.45	0.062355658	0.525547445
spiralis	2	4	9	2.67	1.2875	0.21	4.4675	0.0222	0.0257	0.0726	0.0983	0.1205	1.157657658	4.427927928	0.36	26	0.58	0.02	0.04	0.136486641	1.326962457	1.45	0.062355658	0.525547445
spiralis	2	4	10	4.13	2.03	0.385	5.37	0.1073	0.0836	0.3532	0.4368	0.5441	0.779123952	4.07082945	0.36	26	0.58	0.02	0.04	0.136486641	1.326962457	1.45	0.062355658	0.525547445
spiralis	2	5	1	4.74	2.2725	0.4475	3.35	0.3939	0.0909	1.1407	1.2316	1.6255	0.230769231	3.126681899	0.29	13.97	0.43	0.1	0.04	0.073335322	1.06894198	1.075	0.311778291	0.525547445
spiralis	2	5	2	2.86	1.695	0.3625	3.5625	0.2151	0.0742	7.0470	7.1212	7.3363	0.344955834	33.10646211	0.29	13.97	0.43	0.1	0.04	0.073335322	1.06894198	1.075	0.311778291	0.525547445
spiralis	2	5	3	3.12	1.745	0.3325	2.28	0.1155	0.0585	0.5272	0.5857	0.7012	0.506493506	5.070995671	0.29	13.97	0.43	0.1	0.04	0.073335322	1.06894198	1.075	0.311778291	0.525547445
spiralis	2	5	4	3.7	1.9375	0.34	4.05	0.1437	0.2212	1.0727	1.2939	1.4376	1.539318024	9.004175365	0.29	13.97	0.43	0.1	0.04	0.073335322	1.06894198	1.075	0.311778291	0.525547445
spiralis	2	5	5	2.96	1.8475	0.3	4.0375	0.2279	0.0428	0.5207	0.5635	0.7914	0.187801667	2.472575691	0.29	13.97	0.43	0.1	0.04	0.073335322	1.06894198	1.075	0.311778291	0.525547445
spiralis	2	5	6	3.97	2.4275	0.3575	1.6275	0.2138	0.0223	0.3489	0.3712	0.5850	0.104303087	1.736202058	0.29	13.97	0.43	0.1	0.04	0.073335322	1.06894198	1.075	0.311778291	0.525547445
spiralis	2	5	7	3.44	2	0.39	3.6475	0.2544	0.2442	0.7974	1.0416	1.2960	0.95990566	4.094339623	0.29	13.97	0.43	0.1	0.04	0.073335322	1.06894198	1.075	0.311778291	0.525547445
spiralis	2	5	8	3.71	2.0175	0.38	3.07	0.1259	1.0537	1.0500	2.1037	2.2296	8.369340747	16.70929309	0.29	13.97	0.43	0.1	0.04	0.073335322	1.06894198	1.075	0.311778291	0.525547445
spiralis	2	5	9	2.87	1.535	0.28	3.565	0.7600	0.1397	0.4853	0.6250	1.3850	0.183815789	0.822368421	0.29	13.97	0.43	0.1	0.04	0.073335322	1.06894198	1.075	0.311778291	0.525547445
spiralis	2	5	10	1.72	0.9375	0.24	2.88	0.0351	0.1364	0.2111	0.3475	0.3826	3.886039886	9.9002849	0.29	13.97	0.43	0.1	0.04	0.073335322	1.06894198	1.075	0.311778291	0.525547445
spiralis	2	6	1	3.98	2.1	0.38	3.9925	0.1316	0.0595	0.8437	0.9032	1.0348	0.45212766	6.863221884	0.19	26.45	0.29	0.06	0.04	0.13884891	0.700341297	0.725	0.187066975	0.525547445
spiralis	2	6	2	4.25	2.1375	0.455	3.4675	0.1914	0.0773	0.9534	1.0307	1.2221	0.403866249	5.385057471	0.19	26.45	0.29	0.06	0.04	0.13884891	0.700341297	0.725	0.187066975	0.525547445
spiralis	2	6	3	3.95	2.065	0.425	4.6475	0.1613	0.0560	0.6744	0.7304	0.8917	0.347179169	4.528208308	0.19	26.45	0.29	0.06	0.04	0.13884891	0.700341297	0.725	0.187066975	0.525547445
spiralis	2	6	4	3.97	1.9675	0.38	4.1425	0.0963	0.1149	0.5878	0.7027	0.7990	1.193146417	7.296988577	0.19	26.45	0.29	0.06	0.04	0.13884891	0.700341297	0.725	0.187066975	0.525547445
spiralis	2	6	5	2.75	1.5825	0.2725	4.5525	0.0368	0.0374	0.1464	0.1838	0.2206	1.016304348	4.994565217	0.19	26.45	0.29	0.06	0.04	0.13884891	0.700341297	0.725	0.187066975	0.525547445
spiralis	2	6	6	3.85	1.9825	0.3125	3.615	0.1004	0.0228	0.1764	0.1992	0.2996	0.227091633	1.984063745	0.19	26.45	0.29	0.06	0.04	0.13884891	0.700341297	0.725	0.187066975	0.525547445
spiralis	2	6	7	3.75	1.6475	0.2925	4.255	0.1330	0.9190	0.4787	1.3977	1.5307	6.909774436	10.50902256	0.19	26.45	0.29	0.06	0.04	0.13884891	0.700341297	0.725	0.187066975	0.525547445
spiralis	2	6	8	2.34	1.5	0.2975	3.97	0.5450	0.0337	0.2379	0.2716	0.8166	0.061834862	0.498348624	0.19	26.45	0.29	0.06	0.04	0.13884891	0.700341297	0.725	0.187066975	0.525547445
spiralis	2	6	9	2.66	1.7825	0.3125	3.6075	0.0730	0.0218	0.1170	0.1388	0.2118	0.298630137	1.901369863	0.19	26.45	0.29	0.06	0.04	0.13884891	0.700341297	0.725	0.187066975	0.525547445
spiralis	2	6	10	4.33	2.0725	0.4025	4.455	0.4064	0.4177	1.4881	1.9058	2.3122	1.027805118	4.689468504	0.19	26.45	0.29	0.06	0.04	0.13884891	0.700341297	0.725	0.187066975	0.525547445
spiralis	3	1	1	4.16	2.145	0.4	2.82	0.1388	0.4990	0.1123	0.6113	0.7501	3.595100865	4.404178674	0.29	396.46	0.55	0.12	0.08	2.081211301	1.06894198	1.375	0.374133949	1.051094891
spiralis	3	1	2	5.19	2.6325	0.4075	2.865	0.4081	0.0309	1.0144	1.0453	1.4534	0.075716736	2.561382014	0.29	396.46	0.55	0.12	0.08	2.081211301	1.06894198	1.375	0.374133949	1.051094891
spiralis	3	1	3	3.68	1.8125	0.35	3.255	0.0610	0.0217	0.1685	0.1902	0.2512	0.355737705	3.118032787	0.29	396.46	0.55	0.12	0.08	2.081211301	1.06894198	1.375	0.374133949	1.051094891
spiralis	3	1	4	4.86	2.84	0.47	3.995	0.2270	0.1045	0.7132	0.8177	1.0447	0.460352423	3.602202643	0.29	396.46	0.55	0.12	0.08	2.081211301	1.06894198	1.375	0.374133949	1.051094891
spiralis	3	1	5	3.17	1.6125	0.35	4.25	0.1130	0.0409	0.1949	0.2358	0.3488	0.361946903	2.086725664	0.29	396.46	0.55	0.12	0.08	2.081211301	1.06894198	1.375	0.374133949	1.051094891
spiralis	3	1	6	7.95	4.075	0.5875	4.76	0.5810	0.2286	1.7158	1.9444	2.5254	0.393459552	3.346643718	0.29	396.46	0.55	0.12	0.08	2.081211301	1.06894198	1.375	0.374133949	1.051094891
spiralis	3	1	7	2.96	1.6475	0.365	3.225	0.1414	0.0319	0.1501	0.1820	0.3234	0.225601132	1.287128713	0.29	396.46	0.55	0.12	0.08	2.081211301	1.06894198	1.375	0.374133949	1.051094891
spiralis	3	1	8	3.68	2.23	0.3875	2.9475	0.1395	0.0871	0.2695	0.3566	0.4961	0.62437276	2.556272401	0.29	396.46	0.55	0.12	0.08	2.081211301	1.06894198	1.375	0.374133949	1.051094891
spiralis	3	1	9	3.57	2.15	0.455	3.225	0.1297	0.0345	0.1729	0.2074	0.3371	0.265998458	1.599074788	0.29	396.46	0.55	0.12	0.08	2.081211301	1.06894198	1.375	0.374133949	1.051094891
spiralis	3	1	10	4.35	2.345	0.4125	3.4775	0.2155	0.1199	0.5013	0.6212	0.8367	0.55638051	2.882598608	0.29	396.46	0.55	0.12	0.08	2.081211301	1.06894198	1.375	0.374133949	1.051094891
spiralis	3	2	1	4.75	2.375	0.42	4.0725	0.5249	0.0815	0.4795	0.5610	1.0859	0.15526767	1.068775005	0.23	73.89	0.38	0.07	0.04	0.387884536	0.84778157	0.95	0.218244804	0.525547445
spiralis	3	2	2	3.01	1.8875	0.355	3.94	0.1031	0.0354	0.1511	0.1865	0.2896	0.343355965	1.808923375	0.23	73.89	0.38	0.07	0.04	0.387884536	0.84778157	0.95	0.218244804	0.525547445
spiralis	3	2	3	5.23	2.3475	0.41	3.79	0.1300	0.0599	0.3850	0.4449	0.5749	0.460769231	3.422307692	0.23	73.89	0.38	0.07	0.04	0.387884536	0.84778157	0.95	0.218244804	0.525547445
spiralis	3	2	4	5.5	2.85	0.415	4.5175	0.3692	0.0426	0.3914	0.4340	0.8032	0.115384615	1.175514626	0.23	73.89	0.38	0.07	0.04	0.387884536	0.84778157	0.95	0.218244804	0.525547445
spiralis	3	2	5	2.89	1.5075	0.3475	3.0875	0.1171	0.0565	0.1879	0.2444	0.3615	0.482493595	2.087105038	0.23	73.89	0.38	0.07	0.04	0.387884536	0.84778157	0.95	0.218244804	0.525547445
spiralis	3	2	6	3.1	1.575	0.3475	4.055	0.1543	0.0262	0.1528	0.1790	0.3333	0.169799093	1.160077771	0.23	73.89	0.38	0.07	0.04	0.387884536	0.84778157	0.95	0.218244804	0.525547445
spiralis	3	2	7	4.23	2.3875	0.41	2.4	0.1149	0.0221	0.2246	0.2467	0.3616	0.192341166	2.147084421	0.23	73.89	0.38	0.07	0.04	0.387884536	0.84778157	0.95	0.218244804	0.525547445
spiralis	3	2	8	2.71	1.6175	0.315	1.9775	0.0768	0.0854	0.1514	0.2368	0.3136	1.111979167	3.083333333	0.23	73.89	0.38	0.07	0.04	0.387884536	0.84778157	0.95	0.218244804	0.525547445
spiralis	3	2	9	2.99	1.525	0.36	2.6925	0.0901	0.0375	0.1416	0.1791	0.2692	0.416204218	1.987791343	0.23	73.89	0.38	0.07	0.04	0.387884536	0.84778157	0.95	0.218244804	0.525547445
spiralis	3	2	10	4	2.1575	0.3425	4.0925	0.4178	0.1640	1.0594	1.2234	1.6412	0.392532312	2.928195309	0.23	73.89	0.38	0.07	0.04	0.387884536	0.84778157	0.95	0.218244804	0.525547445
spiralis	3	3	1	3.08	1.7825	0.3725	3.1675	0.1357	0.0438	0.2115	0.2553	0.3910	0.322770818	1.881355932	0.40	987.29	0.57	0.21	0.13	5.182765237	1.47440273	1.425	0.654734411	1.708029197
spiralis	3	3	2	2.22	1.06	0.26	2.5125	0.0352	0.0131	0.0595	0.0726	0.1078	0.372159091	2.0625	0.40	987.29	0.57	0.21	0.13	5.182765237	1.47440273	1.425	0.654734411	1.708029197
spiralis	3	3	3	4.35	2.095	0.42	2.3325	0.1610	0.0139	0.0773	0.0912	0.2522	0.086335404	0.566459627	0.40	987.29	0.57	0.21	0.13	5.182765237	1.47440273	1.425	0.654734411	1.708029197
spiralis	3	3	4	4.14	2.53	0.43	3.4025	0.2893	0.0933	0.8767	0.9700	1.2593	0.322502592	3.352920843	0.40	987.29	0.57	0.21	0.13	5.182765237	1.47440273	1.425	0.654734411	1.708029197
spiralis	3	3	5	2	1.13	0.2225	1.41	0.0481	0.0123	0.0658	0.0781	0.1262	0.255717256	1.623700624	0.40	987.29	0.57	0.21	0.13	5.182765237	1.47440273	1.425	0.654734411	1.708029197
spiralis	3	3	6	3.08	1.7825	0.3725	3.1675	0.1357	0.0438	0.2115	0.2553	0.3910	0.322770818	1.881355932	0.40	987.29	0.57	0.21	0.13	5.182765237	1.47440273	1.425	0.654734411	1.708029197
spiralis	3	3	7	2.22	1.06	0.26	2.5125	0.0352	0.0131	0.0595	0.0726	0.1078	0.372159091	2.0625	0.40	987.29	0.57	0.21	0.13	5.182765237	1.47440273	1.425	0.654734411	1.708029197
spiralis	3	3	8	4.35	2.095	0.42	2.3325	0.1610	0.0139	0.0773	0.0912	0.2522	0.086335404	0.566459627	0.40	987.29	0.57	0.21	0.13	5.182765237	1.47440273	1.425	0.654734411	1.708029197
spiralis	3	3	9	4.14	2.53	0.43	3.4025	0.2893	0.0933	0.8767	0.9700	1.2593	0.322502592	3.352920843	0.40	987.29	0.57	0.21	0.13	5.182765237	1.47440273	1.425	0.654734411	1.708029197
spiralis	3	3	10	2	1.13	0.2225	1.41	0.0481	0.0123	0.0658	0.0781	0.1262	0.255717256	1.623700624	0.40	987.29	0.57	0.21	0.13	5.182765237	1.47440273	1.425	0.654734411	1.708029197
spiralis	3	4	1	2.36	1.31	0.395	2.1375	0.0466	0.0406	0.0502	0.0908	0.1374	0.871244635	1.948497854	0.16	569.38	0.29	0.09	0.04	2.988952456	0.589761092	0.725	0.280600462	0.525547445
spiralis	3	4	2	4.57	2.845	0.3925	3.545	0.1321	0.0635	0.1655	0.2290	0.3611	0.480696442	1.733535201	0.16	569.38	0.29	0.09	0.04	2.988952456	0.589761092	0.725	0.280600462	0.525547445
spiralis	3	4	3	4.2	2.3175	0.42	4.1275	0.1666	0.0487	0.1961	0.2448	0.4114	0.292316927	1.469387755	0.16	569.38	0.29	0.09	0.04	2.988952456	0.589761092	0.725	0.280600462	0.525547445
spiralis	3	4	4	7.28	4.2325	0.5625	5.0725	0.5382	0.1857	1.6992	1.8849	2.4231	0.345039019	3.502229654	0.16	569.38	0.29	0.09	0.04	2.988952456	0.589761092	0.725	0.280600462	0.525547445
spiralis	3	4	5	6.06	3.4	0.6	5.88	0.5022	0.2168	2.0225	2.2393	2.7415	0.431700518	4.458980486	0.16	569.38	0.29	0.09	0.04	2.988952456	0.589761092	0.725	0.280600462	0.525547445
spiralis	3	4	6	7.67	3.8925	0.605	6.345	0.4282	0.1235	0.5672	0.6907	1.1189	0.288416628	1.613031294	0.16	569.38	0.29	0.09	0.04	2.988952456	0.589761092	0.725	0.280600462	0.525547445
spiralis	3	4	7	7.53	3.9125	0.545	6.65	0.4030	0.2126	0.2766	0.4892	0.8922	0.527543424	1.213895782	0.16	569.38	0.29	0.09	0.04	2.988952456	0.589761092	0.725	0.280600462	0.525547445
spiralis	3	4	8	7.1	3.7175	0.5275	5.8425	0.4870	0.2914	0.5653	0.8567	1.3437	0.59835729	1.759137577	0.16	569.38	0.29	0.09	0.04	2.988952456	0.589761092	0.725	0.280600462	0.525547445
spiralis	3	4	9	7.53	3.9125	0.545	6.65	0.5382	0.1857	1.6992	1.8849	2.4231	0.345039019	3.502229654	0.16	569.38	0.29	0.09	0.04	2.988952456	0.589761092	0.725	0.280600462	0.525547445
spiralis	3	4	10	7.1	3.7175	0.5275	5.8425	0.4870	0.2914	0.5653	0.8567	1.3437	0.59835729	1.759137577	0.16	569.38	0.29	0.09	0.04	2.988952456	0.589761092	0.725	0.280600462	0.525547445
spiralis	3	5	1	4.75	2.405	0.345	4.3225	0.0816	0.0365	0.0876	0.1241	0.2057	0.447303922	1.520833333	0.24	122.6	0.34	0.09	0.21	0.643587009	0.884641638	0.85	0.280600462	2.759124088
spiralis	3	5	2	5.98	3.5075	0.45	3.465	0.3780	0.1884	0.6849	0.8733	1.2513	0.498412698	2.31031746	0.24	122.6	0.34	0.09	0.21	0.643587009	0.884641638	0.85	0.280600462	2.759124088
spiralis	3	5	3	3.39	1.6825	0.37	2.705	0.0906	0.0143	0.0952	0.1095	0.2001	0.157836645	1.208609272	0.24	122.6	0.34	0.09	0.21	0.643587009	0.884641638	0.85	0.280600462	2.759124088
spiralis	3	5	4	5.53	2.8725	0.4925	4.7075	0.4154	0.1021	1.6163	1.7184	2.1338	0.245787193	4.136735676	0.24	122.6	0.34	0.09	0.21	0.643587009	0.884641638	0.85	0.280600462	2.759124088
spiralis	3	5	5	3.68	2.01	0.3475	2.7025	0.0502	0.0232	0.0749	0.0981	0.1483	0.462151394	1.954183267	0.24	122.6	0.34	0.09	0.21	0.643587009	0.884641638	0.85	0.280600462	2.759124088
spiralis	3	5	6	6.25	3.2575	0.4925	2.3425	0.3970	0.0674	0.3192	0.3866	0.7836	0.1697733	0.973803526	0.24	122.6	0.34	0.09	0.21	0.643587009	0.884641638	0.85	0.280600462	2.759124088
spiralis	3	5	7	6.28	2.8475	0.51	2.695	0.3799	0.1518	0.6614	0.8132	1.1931	0.399578837	2.140563306	0.24	122.6	0.34	0.09	0.21	0.643587009	0.884641638	0.85	0.280600462	2.759124088
spiralis	3	5	8	4.68	2.475	0.46	4.235	0.2690	0.0862	0.5554	0.6416	0.9106	0.320446097	2.385130112	0.24	122.6	0.34	0.09	0.21	0.643587009	0.884641638	0.85	0.280600462	2.759124088
spiralis	3	5	9	3.63	1.8325	0.3325	2.595	0.0688	0.0534	0.1553	0.2087	0.2775	0.776162791	3.033430233	0.24	122.6	0.34	0.09	0.21	0.643587009	0.884641638	0.85	0.280600462	2.759124088
spiralis	3	5	10	4.22	2.4025	0.4675	3.6725	0.2595	0.1005	0.4006	0.5011	0.7606	0.387283237	1.931021195	0.24	122.6	0.34	0.09	0.21	0.643587009	0.884641638	0.85	0.280600462	2.759124088
spiralis	3	6	1	5.37	2.8425	0.49	3.1225	0.1619	0.0551	0.4260	0.4811	0.6430	0.340333539	2.9715874	0.18	647.98	0.35	0.1	0.17	3.401562072	0.663481229	0.875	0.311778291	2.233576642
spiralis	3	6	2	6	3.79	0.505	4.15	0.2196	0.0662	0.1857	0.2519	0.4715	0.301457195	1.14708561	0.18	647.98	0.35	0.1	0.17	3.401562072	0.663481229	0.875	0.311778291	2.233576642
spiralis	3	6	3	6.1	3.725	0.4475	2.29	0.1948	0.0211	0.2983	0.3194	0.5142	0.108316222	1.63963039	0.18	647.98	0.35	0.1	0.17	3.401562072	0.663481229	0.875	0.311778291	2.233576642
spiralis	3	6	4	6.33	3.3625	0.4725	4.175	0.1985	0.0388	0.2373	0.2761	0.4746	0.195465995	1.39093199	0.18	647.98	0.35	0.1	0.17	3.401562072	0.663481229	0.875	0.311778291	2.233576642
spiralis	3	6	5	6.33	3.585	0.485	5.3375	0.2376	0.0572	0.4289	0.4861	0.7237	0.240740741	2.045875421	0.18	647.98	0.35	0.1	0.17	3.401562072	0.663481229	0.875	0.311778291	2.233576642
spiralis	3	6	6	2.82	1.7	0.31	3.3	0.0738	0.0221	0.0542	0.0763	0.1501	0.299457995	1.033875339	0.18	647.98	0.35	0.1	0.17	3.401562072	0.663481229	0.875	0.311778291	2.233576642
spiralis	3	6	7	5.38	3.21	0.48	4.2575	0.4796	0.1169	0.5812	0.6981	1.1777	0.243744787	1.45558799	0.18	647.98	0.35	0.1	0.17	3.401562072	0.663481229	0.875	0.311778291	2.233576642
spiralis	3	6	8	4.27	2.945	0.4775	4.3525	0.1464	0.1649	0.3552	0.5201	0.6665	1.12636612	3.552595628	0.18	647.98	0.35	0.1	0.17	3.401562072	0.663481229	0.875	0.311778291	2.233576642
spiralis	3	6	9	5.11	2.6925	0.4475	3.7375	0.2789	0.0945	0.7871	0.8816	1.1605	0.338831122	3.160989602	0.18	647.98	0.35	0.1	0.17	3.401562072	0.663481229	0.875	0.311778291	2.233576642
spiralis	3	6	10	6.21	2.97	0.53	3.5925	0.2768	0.0496	0.8830	0.9326	1.2094	0.179190751	3.369219653	0.18	647.98	0.35	0.1	0.17	3.401562072	0.663481229	0.875	0.311778291	2.233576642
mucronata	1	1	1	2.38	1.3175	0.0475	0.6525	0.0674	0.0027	0.1973	0.2	0.2674	0.040059347	2.96735905	0.07	50.48	0.17	0.02	0.04	0.264994064	0.258020478	0.425	0.062355658	0.525547445
mucronata	1	1	2	2.5	1.5075	0.04	0.6525	0.1095	0.0041	0.0467	0.0508	0.1603	0.037442922	0.463926941	0.07	50.48	0.17	0.02	0.04	0.264994064	0.258020478	0.425	0.062355658	0.525547445
mucronata	1	1	3	3.11	1.46	0.0425	1.035	0.1529	0.005	0.0879	0.0929	0.2458	0.032701112	0.607586658	0.07	50.48	0.17	0.02	0.04	0.264994064	0.258020478	0.425	0.062355658	0.525547445
mucronata	1	1	4	3.08	1.5275	0.05	1.2525	0.1178	0.0038	0.5634	0.5672	0.685	0.032258065	4.814940577	0.07	50.48	0.17	0.02	0.04	0.264994064	0.258020478	0.425	0.062355658	0.525547445
mucronata	1	1	5	2.46	1.4025	0.045	1.185	0.2065	0.0078	0.5299	0.5377	0.7442	0.037772397	2.603874092	0.07	50.48	0.17	0.02	0.04	0.264994064	0.258020478	0.425	0.062355658	0.525547445
mucronata	1	1	6	1.46	1.1625	0.0375	0.6325	0.0161	0.0029	0.0134	0.0163	0.0324	0.180124224	1.01242236	0.07	50.48	0.17	0.02	0.04	0.264994064	0.258020478	0.425	0.062355658	0.525547445
mucronata	1	1	7	2.62	1.7225	0.0475	0.81	0.0554	0.0024	0.0262	0.0286	0.084	0.0433213	0.516245487	0.07	50.48	0.17	0.02	0.04	0.264994064	0.258020478	0.425	0.062355658	0.525547445
mucronata	1	1	8	2.29	1.25	0.075	1.08	0.2017	0.0048	0.1118	0.1166	0.3183	0.023797719	0.578086267	0.07	50.48	0.17	0.02	0.04	0.264994064	0.258020478	0.425	0.062355658	0.525547445
mucronata	1	1	9	2.46	1.445	0.05	1.9325	0.415	0.0055	0.5523	0.5578	0.9728	0.013253012	1.344096386	0.07	50.48	0.17	0.02	0.04	0.264994064	0.258020478	0.425	0.062355658	0.525547445
mucronata	1	1	10	0.73	0.845	0.02	0.6325	0.0033	0.0038	0.0067	0.0105	0.0138	1.151515152	3.181818182	0.07	50.48	0.17	0.02	0.04	0.264994064	0.258020478	0.425	0.062355658	0.525547445
mucronata	1	2	1	2.14	1.0475	0.0475	1.34	0.2821	0.0098	0.1272	0.137	0.4191	0.034739454	0.485643389	0.1	56.99	0.12	0.05	0.06	0.299168219	0.368600683	0.3	0.155889145	0.788321168
mucronata	1	2	2	1.77	1.02	0.045	2.3825	0.03	0.0206	0.265	0.2856	0.3156	0.686666667	9.52	0.1	56.99	0.12	0.05	0.06	0.299168219	0.368600683	0.3	0.155889145	0.788321168
mucronata	1	2	3	2.59	1.265	0.045	1.7325	0.1747	0.0221	0.162	0.1841	0.3588	0.126502576	1.053806525	0.1	56.99	0.12	0.05	0.06	0.299168219	0.368600683	0.3	0.155889145	0.788321168
mucronata	1	2	4	2.29	1.2925	0.04	3.5475	0.2119	0.093	0.2546	0.3476	0.5595	0.438886267	1.640396413	0.1	56.99	0.12	0.05	0.06	0.299168219	0.368600683	0.3	0.155889145	0.788321168
mucronata	1	2	5	2.57	1.4125	0.0525	2.2725	0.3915	0.0381	0.2534	0.2915	0.683	0.097318008	0.744572158	0.1	56.99	0.12	0.05	0.06	0.299168219	0.368600683	0.3	0.155889145	0.788321168
mucronata	1	2	6	1.52	0.765	0.0575	3.2125	0.2743	0.0647	0.1009	0.1656	0.4399	0.235873132	0.603718556	0.1	56.99	0.12	0.05	0.06	0.299168219	0.368600683	0.3	0.155889145	0.788321168
mucronata	1	2	7	2.19	1.3725	0.0475	3.195	0.0675	0.0318	0.3915	0.4233	0.4908	0.471111111	6.271111111	0.1	56.99	0.12	0.05	0.06	0.299168219	0.368600683	0.3	0.155889145	0.788321168
mucronata	1	2	8	1.89	1.1275	0.0525	2.9575	0.0168	0.0284	0.1187	0.1471	0.1639	1.69047619	8.755952381	0.1	56.99	0.12	0.05	0.06	0.299168219	0.368600683	0.3	0.155889145	0.788321168
mucronata	1	2	9	1.53	0.9375	0.045	3.1325	0.0565	0.0212	0.3777	0.3989	0.4554	0.375221239	7.060176991	0.1	56.99	0.12	0.05	0.06	0.299168219	0.368600683	0.3	0.155889145	0.788321168
mucronata	1	2	10	1.49	0.88	0.0425	3.875	0.0414	0.0254	0.4862	0.5116	0.553	0.61352657	12.35748792	0.1	56.99	0.12	0.05	0.06	0.299168219	0.368600683	0.3	0.155889145	0.788321168
mucronata	1	3	1	1.68	0.955	0.05	2.735	0.0825	0.0645	0.1908	0.2553	0.3378	0.781818182	3.094545455	0.1	84.2	0.07	0.06	0.04	0.442006739	0.368600683	0.175	0.187066975	0.525547445
mucronata	1	3	2	1.92	1.0425	0.0425	2.7425	0.2159	0.0105	0.0844	0.0949	0.3108	0.048633627	0.43955535	0.1	84.2	0.07	0.06	0.04	0.442006739	0.368600683	0.175	0.187066975	0.525547445
mucronata	1	3	3	1.82	1.005	0.05	1.005	0.1038	0.0038	0.0382	0.042	0.1458	0.036608863	0.404624277	0.1	84.2	0.07	0.06	0.04	0.442006739	0.368600683	0.175	0.187066975	0.525547445
mucronata	1	3	4	1.75	1.0325	0.0475	1.5775	0.6158	0.0155	0.172	0.1875	0.8033	0.02517051	0.304481975	0.1	84.2	0.07	0.06	0.04	0.442006739	0.368600683	0.175	0.187066975	0.525547445
mucronata	1	3	5	1.76	1.14	0.075	3.295	0.8198	0.0896	0.5708	0.6604	1.4802	0.10929495	0.805562332	0.1	84.2	0.07	0.06	0.04	0.442006739	0.368600683	0.175	0.187066975	0.525547445
mucronata	1	3	6	2.37	1.0675	0.04	0.5375	0.5828	0.0893	0.1224	0.2117	0.7945	0.153225806	0.363246397	0.1	84.2	0.07	0.06	0.04	0.442006739	0.368600683	0.175	0.187066975	0.525547445
mucronata	1	3	7	1.99	0.98	0.0475	3.2125	0.2094	0.0588	0.3093	0.3681	0.5775	0.280802292	1.757879656	0.1	84.2	0.07	0.06	0.04	0.442006739	0.368600683	0.175	0.187066975	0.525547445
mucronata	1	3	8	1.58	0.7725	0.05	1.655	0.084	0.0288	0.189	0.2178	0.3018	0.342857143	2.592857143	0.1	84.2	0.07	0.06	0.04	0.442006739	0.368600683	0.175	0.187066975	0.525547445
mucronata	1	3	9	1.82	1.06	0.0525	1.4875	0.3759	0.015	0.098	0.113	0.4889	0.03990423	0.300611865	0.1	84.2	0.07	0.06	0.04	0.442006739	0.368600683	0.175	0.187066975	0.525547445
mucronata	1	3	10	1.88	1.0625	0.0525	2.7675	0.0637	0.0701	0.38	0.4501	0.5138	1.100470958	7.065934066	0.1	84.2	0.07	0.06	0.04	0.442006739	0.368600683	0.175	0.187066975	0.525547445
mucronata	1	4	1	2.88	1.4575	0.06	4.3475	0.182	0.0466	0.1855	0.2321	0.4141	0.256043956	1.275274725	0.11	143.88	0.14	0.07	0.04	0.755296075	0.405460751	0.35	0.218244804	0.525547445
mucronata	1	4	2	3.64	1.7425	0.055	4.075	0.3468	0.0761	0.4795	0.5556	0.9024	0.219434833	1.602076125	0.11	143.88	0.14	0.07	0.04	0.755296075	0.405460751	0.35	0.218244804	0.525547445
mucronata	1	4	3	2.53	1.3025	0.0625	3.1825	0.0434	0.0409	0.0492	0.0901	0.1335	0.942396313	2.076036866	0.11	143.88	0.14	0.07	0.04	0.755296075	0.405460751	0.35	0.218244804	0.525547445
mucronata	1	4	4	2.79	1.555	0.0475	3.84	0.1136	0.0756	0.3321	0.4077	0.5213	0.665492958	3.588908451	0.11	143.88	0.14	0.07	0.04	0.755296075	0.405460751	0.35	0.218244804	0.525547445
mucronata	1	4	5	2.83	1.4275	0.0375	1.6725	0.1909	0.0649	0.0653	0.1302	0.3211	0.33996857	0.682032478	0.11	143.88	0.14	0.07	0.04	0.755296075	0.405460751	0.35	0.218244804	0.525547445
mucronata	1	4	6	2.92	1.3375	0.05	4.1575	0.2338	0.0688	0.1614	0.2302	0.464	0.294268606	0.984602224	0.11	143.88	0.14	0.07	0.04	0.755296075	0.405460751	0.35	0.218244804	0.525547445
mucronata	1	4	7	2.82	1.5675	0.0375	3.955	0.1322	0.0763	0.3484	0.4247	0.5569	0.577155825	3.212556732	0.11	143.88	0.14	0.07	0.04	0.755296075	0.405460751	0.35	0.218244804	0.525547445
mucronata	1	4	8	3.19	1.51	0.0575	3.355	0.2179	0.0646	0.4927	0.5573	0.7752	0.296466269	2.557595227	0.11	143.88	0.14	0.07	0.04	0.755296075	0.405460751	0.35	0.218244804	0.525547445
mucronata	1	4	9	2.73	1.2575	0.046666667	4.1175	0.1926	0.0492	0.0926	0.1418	0.3344	0.255451713	0.736240914	0.11	143.88	0.14	0.07	0.04	0.755296075	0.405460751	0.35	0.218244804	0.525547445
mucronata	1	4	10	2.79	1.625	0.05	2.9525	0.2207	0.0732	0.1869	0.2601	0.4808	0.331671953	1.178522882	0.11	143.88	0.14	0.07	0.04	0.755296075	0.405460751	0.35	0.218244804	0.525547445
mucronata	1	5	1	2.87	1.1825	0.0575	1.995	0.0853	0.0165	0.052	0.0685	0.1538	0.193434936	0.803048066	0.04	127.38	0.18	0.08	0.04	0.668679553	0.147440273	0.45	0.249422633	0.525547445
mucronata	1	5	2	2.74	1.54	0.07	2.9925	0.138	0.0614	0.4326	0.494	0.632	0.444927536	3.579710145	0.04	127.38	0.18	0.08	0.04	0.668679553	0.147440273	0.45	0.249422633	0.525547445
mucronata	1	5	3	2.66	1.495	0.0525	3.47	0.1056	0.0567	0.2887	0.3454	0.451	0.536931818	3.270833333	0.04	127.38	0.18	0.08	0.04	0.668679553	0.147440273	0.45	0.249422633	0.525547445
mucronata	1	5	4	3.38	1.4225	0.0675	2.35	0.2036	0.0492	0.1237	0.1729	0.3765	0.241650295	0.849214145	0.04	127.38	0.18	0.08	0.04	0.668679553	0.147440273	0.45	0.249422633	0.525547445
mucronata	1	5	5	1.95	1.015	0.0575	2.945	0.1131	0.0375	0.105	0.1425	0.2556	0.331564987	1.25994695	0.04	127.38	0.18	0.08	0.04	0.668679553	0.147440273	0.45	0.249422633	0.525547445
mucronata	1	5	6	2.36	1.295	0.0575	1.255	0.0774	0.0124	0.0412	0.0536	0.131	0.160206718	0.69250646	0.04	127.38	0.18	0.08	0.04	0.668679553	0.147440273	0.45	0.249422633	0.525547445
mucronata	1	5	7	2.49	1.38	0.0725	2.8075	0.23	0.0197	0.2196	0.2393	0.4693	0.085652174	1.040434783	0.04	127.38	0.18	0.08	0.04	0.668679553	0.147440273	0.45	0.249422633	0.525547445
mucronata	1	5	8	3	1.8725	0.065	2.5675	0.2043	0.0728	0.3649	0.4377	0.642	0.356338718	2.142437592	0.04	127.38	0.18	0.08	0.04	0.668679553	0.147440273	0.45	0.249422633	0.525547445
mucronata	1	5	9	2.4	1.2725	0.0575	3.6225	0.2259	0.0525	0.2824	0.3349	0.5608	0.232403718	1.482514387	0.04	127.38	0.18	0.08	0.04	0.668679553	0.147440273	0.45	0.249422633	0.525547445
mucronata	1	5	10	2.83	1.5625	0.05	2.5225	0.097	0.0423	0.1064	0.1487	0.2457	0.436082474	1.532989691	0.04	127.38	0.18	0.08	0.04	0.668679553	0.147440273	0.45	0.249422633	0.525547445
mucronata	1	6	1	3.1	1.6225	0.0575	3.99	0.1184	0.0674	0.4504	0.5178	0.6362	0.569256757	4.373310811	0.34	113.54	0.2	0.05	0.04	0.596026664	1.253242321	0.5	0.155889145	0.525547445
mucronata	1	6	2	2.56	1.425	0.0425	2.2475	0.0488	0.0196	0.2554	0.275	0.3238	0.401639344	5.635245902	0.34	113.54	0.2	0.05	0.04	0.596026664	1.253242321	0.5	0.155889145	0.525547445
mucronata	1	6	3	3.24	1.565	0.06	3.375	0.0771	0.0463	0.3452	0.3915	0.4686	0.600518807	5.077821012	0.34	113.54	0.2	0.05	0.04	0.596026664	1.253242321	0.5	0.155889145	0.525547445
mucronata	1	6	4	2.7	1.4175	0.0425	1.27	0.857	0.0106	0.1111	0.1217	0.9787	0.012368728	0.142007001	0.34	113.54	0.2	0.05	0.04	0.596026664	1.253242321	0.5	0.155889145	0.525547445
mucronata	1	6	5	2.68	1.4575	0.0525	2.78	0.0744	0.0201	0.064	0.0841	0.1585	0.27016129	1.130376344	0.34	113.54	0.2	0.05	0.04	0.596026664	1.253242321	0.5	0.155889145	0.525547445
mucronata	1	6	6	3.12	1.5625	0.06	1.29	0.0776	0.0065	0.2588	0.2653	0.3429	0.083762887	3.418814433	0.34	113.54	0.2	0.05	0.04	0.596026664	1.253242321	0.5	0.155889145	0.525547445
mucronata	1	6	7	2.75	1.43	0.05	3.3975	0.1427	0.1498	0.2232	0.373	0.5157	1.04975473	2.613875263	0.34	113.54	0.2	0.05	0.04	0.596026664	1.253242321	0.5	0.155889145	0.525547445
mucronata	1	6	8	2.42	1.235	0.055	2.775	0.0537	0.0604	0.0517	0.1121	0.1658	1.124767225	2.087523277	0.34	113.54	0.2	0.05	0.04	0.596026664	1.253242321	0.5	0.155889145	0.525547445
mucronata	1	6	9	3.16	1.5725	0.0475	4.57	0.1019	0.1938	0.515	0.7088	0.8107	1.901864573	6.955839058	0.34	113.54	0.2	0.05	0.04	0.596026664	1.253242321	0.5	0.155889145	0.525547445
mucronata	1	6	10	2.77	1.275	0.065	4.8725	0.0527	0.1004	0.4248	0.5252	0.5779	1.90512334	9.965844402	0.34	113.54	0.2	0.05	0.04	0.596026664	1.253242321	0.5	0.155889145	0.525547445
mucronata	2	1	1	2.29	1.1575	0.06	1.615	0.0794	0.0128	0.2787	0.2915	0.3709	0.161209068	3.671284635	0.11	93.36	0.13	0.05	0.06	0.490092032	0.405460751	0.325	0.155889145	0.788321168
mucronata	2	1	2	2.54	0.875	0.055	3.15	0.077	0.0205	0.0676	0.0881	0.1651	0.266233766	1.144155844	0.11	93.36	0.13	0.05	0.06	0.490092032	0.405460751	0.325	0.155889145	0.788321168
mucronata	2	1	3	2.13	1.08	0.0525	1.435	0.101	0.0304	0.2204	0.2508	0.3518	0.300990099	2.483168317	0.11	93.36	0.13	0.05	0.06	0.490092032	0.405460751	0.325	0.155889145	0.788321168
mucronata	2	1	4	1.69	1.0175	0.055	2.435	0.0283	0.045	0.1843	0.2293	0.2576	1.590106007	8.102473498	0.11	93.36	0.13	0.05	0.06	0.490092032	0.405460751	0.325	0.155889145	0.788321168
mucronata	2	1	5	2.49	1.365	0.05	2.4225	0.0729	0.045	0.1843	0.2293	0.3022	0.617283951	3.145404664	0.11	93.36	0.13	0.05	0.06	0.490092032	0.405460751	0.325	0.155889145	0.788321168
mucronata	2	1	6	1.94	1.015	0.0525	2.2975	0.0293	0.0402	0.1546	0.1948	0.2241	1.372013652	6.648464164	0.11	93.36	0.13	0.05	0.06	0.490092032	0.405460751	0.325	0.155889145	0.788321168
mucronata	2	1	7	2.78	1.5475	0.0575	1.9675	0.0603	0.0282	0.26	0.2882	0.3485	0.467661692	4.779436153	0.11	93.36	0.13	0.05	0.06	0.490092032	0.405460751	0.325	0.155889145	0.788321168
mucronata	2	1	8	2.72	1.365	0.0525	2.1775	0.0692	0.0549	0.2411	0.296	0.3652	0.793352601	4.277456647	0.11	93.36	0.13	0.05	0.06	0.490092032	0.405460751	0.325	0.155889145	0.788321168
mucronata	2	1	9	2.08	1.085	0.04	2.445	0.065	0.007	0.0866	0.0936	0.1586	0.107692308	1.44	0.11	93.36	0.13	0.05	0.06	0.490092032	0.405460751	0.325	0.155889145	0.788321168
mucronata	2	1	10	2.25	0.9875	0.07	2.295	0.0837	0.0488	0.4148	0.4636	0.5473	0.583034648	5.538829152	0.11	93.36	0.13	0.05	0.06	0.490092032	0.405460751	0.325	0.155889145	0.788321168
mucronata	2	2	1	2.38	1.035	0.0625	2.785	0.0783	0.0306	0.3554	0.386	0.4643	0.390804598	4.929757344	0.13	63.05	0.2	0.04	0.04	0.330980105	0.479180887	0.5	0.124711316	0.525547445
mucronata	2	2	2	2.5	1.0675	0.0475	2.61	0.055	0.0227	0.1876	0.2103	0.2653	0.412727273	3.823636364	0.13	63.05	0.2	0.04	0.04	0.330980105	0.479180887	0.5	0.124711316	0.525547445
mucronata	2	2	3	2.04	0.9925	0.0475	2.4525	0.0281	0.0215	0.1401	0.1616	0.1897	0.765124555	5.75088968	0.13	63.05	0.2	0.04	0.04	0.330980105	0.479180887	0.5	0.124711316	0.525547445
mucronata	2	2	4	2.27	1.175	0.0525	2.8725	0.0504	0.0482	0.2043	0.2525	0.3029	0.956349206	5.009920635	0.13	63.05	0.2	0.04	0.04	0.330980105	0.479180887	0.5	0.124711316	0.525547445
mucronata	2	2	5	2.09	0.99	0.06	2.3825	0.0444	0.0188	0.1672	0.186	0.2304	0.423423423	4.189189189	0.13	63.05	0.2	0.04	0.04	0.330980105	0.479180887	0.5	0.124711316	0.525547445
mucronata	2	2	6	2.4	0.8525	0.0525	2.4	0.0319	0.0531	0.04536	0.09846	0.13036	1.664576803	3.086520376	0.13	63.05	0.2	0.04	0.04	0.330980105	0.479180887	0.5	0.124711316	0.525547445
mucronata	2	2	7	2.26	0.975	0.055	2.03	0.0586	0.0463	0.493	0.5393	0.5979	0.790102389	9.203071672	0.13	63.05	0.2	0.04	0.04	0.330980105	0.479180887	0.5	0.124711316	0.525547445
mucronata	2	2	8	2.1	1.0625	0.06	1.875	0.0751	0.0047	0.0307	0.0354	0.1105	0.062583222	0.471371505	0.13	63.05	0.2	0.04	0.04	0.330980105	0.479180887	0.5	0.124711316	0.525547445
mucronata	2	2	9	2.48	0.985	0.05	2.48	0.0786	0.0318	0.248	0.2798	0.3584	0.404580153	3.559796438	0.13	63.05	0.2	0.04	0.04	0.330980105	0.479180887	0.5	0.124711316	0.525547445
mucronata	2	2	10	2.46	1.0475	0.055	2.2225	0.0304	0.0254	0.1686	0.194	0.2244	0.835526316	6.381578947	0.13	63.05	0.2	0.04	0.04	0.330980105	0.479180887	0.5	0.124711316	0.525547445
mucronata	2	3	1	2	0.876666667	0.0425	4.67	0.0998	0.0675	0.2062	0.2737	0.3735	0.676352705	2.74248497	0.1	52.2	0.16	0.03	0.04	0.27402318	0.368600683	0.4	0.093533487	0.525547445
mucronata	2	3	2	2.08	1.1675	0.0425	4.005	0.2154	0.0932	0.3316	0.4248	0.6402	0.43268338	1.972144847	0.1	52.2	0.16	0.03	0.04	0.27402318	0.368600683	0.4	0.093533487	0.525547445
mucronata	2	3	3	2.42	1.325	0.045	2.785	0.1221	0.0385	0.1428	0.1813	0.3034	0.315315315	1.484848485	0.1	52.2	0.16	0.03	0.04	0.27402318	0.368600683	0.4	0.093533487	0.525547445
mucronata	2	3	4	2.11	1.16	0.045	2.5275	0.0872	0.0483	0.5315	0.5798	0.667	0.553899083	6.649082569	0.1	52.2	0.16	0.03	0.04	0.27402318	0.368600683	0.4	0.093533487	0.525547445
mucronata	2	3	5	2.1	0.94	0.0525	3.625	0.1164	0.0455	0.1748	0.2203	0.3367	0.390893471	1.892611684	0.1	52.2	0.16	0.03	0.04	0.27402318	0.368600683	0.4	0.093533487	0.525547445
mucronata	2	3	6	1.79	1.175	0.0525	3.655	0.077	0.0859	0.0613	0.1472	0.2242	1.115584416	1.911688312	0.1	52.2	0.16	0.03	0.04	0.27402318	0.368600683	0.4	0.093533487	0.525547445
mucronata	2	3	7	2.43	1.105	0.0475	3.275	0.1412	0.0283	0.4776	0.5059	0.6471	0.200424929	3.58286119	0.1	52.2	0.16	0.03	0.04	0.27402318	0.368600683	0.4	0.093533487	0.525547445
mucronata	2	3	8	2.34	1.79	0.0475	3.8275	0.2001	0.0874	0.0863	0.1737	0.3738	0.436781609	0.868065967	0.1	52.2	0.16	0.03	0.04	0.27402318	0.368600683	0.4	0.093533487	0.525547445
mucronata	2	3	9	2.14	1.0225	0.0525	2.9925	0.2012	0.0618	0.0854	0.1472	0.3484	0.307157058	0.731610338	0.1	52.2	0.16	0.03	0.04	0.27402318	0.368600683	0.4	0.093533487	0.525547445
mucronata	2	3	10	2.54	1.7425	0.05	3.6475	0.0943	0.0829	0.4744	0.5573	0.6516	0.879109226	5.909862142	0.1	52.2	0.16	0.03	0.04	0.27402318	0.368600683	0.4	0.093533487	0.525547445
mucronata	2	4	1	3.24	1.6325	0.05	2.7575	0.0856	0.0383	0.1757	0.214	0.2996	0.447429907	2.5	0.24	84.35	0.23	0.03	0.04	0.442794162	0.884641638	0.575	0.093533487	0.525547445
mucronata	2	4	2	2.72	1.515	0.05	2.6775	0.062	0.0145	0.2769	0.2914	0.3534	0.233870968	4.7	0.24	84.35	0.23	0.03	0.04	0.442794162	0.884641638	0.575	0.093533487	0.525547445
mucronata	2	4	3	3.28	1.8325	0.06	1.5225	0.1216	0.0039	0.338	0.3419	0.4635	0.032072368	2.811677632	0.24	84.35	0.23	0.03	0.04	0.442794162	0.884641638	0.575	0.093533487	0.525547445
mucronata	2	4	4	1.07	1.605	0.05	2.31	0.0842	0.0234	0.0973	0.1207	0.2049	0.277909739	1.433491686	0.24	84.35	0.23	0.03	0.04	0.442794162	0.884641638	0.575	0.093533487	0.525547445
mucronata	2	4	5	2.53	1.6375	0.055	3.52	0.1204	0.0449	0.2212	0.2661	0.3865	0.372923588	2.21013289	0.24	84.35	0.23	0.03	0.04	0.442794162	0.884641638	0.575	0.093533487	0.525547445
mucronata	2	4	6	2.46	1.405	0.0525	1.3225	0.0405	0.0222	0.1004	0.1226	0.1631	0.548148148	3.027160494	0.24	84.35	0.23	0.03	0.04	0.442794162	0.884641638	0.575	0.093533487	0.525547445
mucronata	2	4	7	2.6	1.48	0.0475	1.415	0.0811	0.0331	0.1838	0.2169	0.298	0.408138101	2.674475956	0.24	84.35	0.23	0.03	0.04	0.442794162	0.884641638	0.575	0.093533487	0.525547445
mucronata	2	4	8	2.78	1.4925	0.0475	3.105	0.0682	0.0296	0.173	0.2026	0.2708	0.434017595	2.970674487	0.24	84.35	0.23	0.03	0.04	0.442794162	0.884641638	0.575	0.093533487	0.525547445
mucronata	2	4	9	3.13	1.645	0.0525	2.115	0.0706	0.0232	0.1231	0.1463	0.2169	0.328611898	2.07223796	0.24	84.35	0.23	0.03	0.04	0.442794162	0.884641638	0.575	0.093533487	0.525547445
mucronata	2	4	10	2.98	1.82	0.0475	2.54	0.1971	0.0301	0.4532	0.4833	0.6804	0.152714358	2.452054795	0.24	84.35	0.23	0.03	0.04	0.442794162	0.884641638	0.575	0.093533487	0.525547445
mucronata	2	5	1	2.48	1.5825	0.0375	3.695	0.0366	0.0239	0.1959	0.2198	0.2564	0.653005464	6.005464481	0.18	75	0.25	0.07	0.04	0.393711465	0.663481229	0.625	0.218244804	0.525547445
mucronata	2	5	2	2.85	1.4825	0.0375	3.56	0.1048	0.0725	0.0922	0.1647	0.2695	0.691793893	1.571564885	0.18	75	0.25	0.07	0.04	0.393711465	0.663481229	0.625	0.218244804	0.525547445
mucronata	2	5	3	2.1	1.0925	0.045	4.9	0.0765	0.0767	0.1287	0.2054	0.2819	1.002614379	2.68496732	0.18	75	0.25	0.07	0.04	0.393711465	0.663481229	0.625	0.218244804	0.525547445
mucronata	2	5	4	2.48	1.2225	0.0475	3.5575	0.0759	0.0267	0.061	0.0877	0.1636	0.351778656	1.155467721	0.18	75	0.25	0.07	0.04	0.393711465	0.663481229	0.625	0.218244804	0.525547445
mucronata	2	5	5	2.47	1.21	0.0375	4.2925	0.0931	0.0718	0.8212	0.893	0.9861	0.771213749	9.591836735	0.18	75	0.25	0.07	0.04	0.393711465	0.663481229	0.625	0.218244804	0.525547445
mucronata	2	5	6	3.12	1.845	0.05	5.0775	0.0902	0.0983	0.4943	0.5926	0.6828	1.089800443	6.569844789	0.18	75	0.25	0.07	0.04	0.393711465	0.663481229	0.625	0.218244804	0.525547445
mucronata	2	5	7	2.82	1.535	0.0375	4.5275	0.1911	0.0618	0.1446	0.2064	0.3975	0.323390895	1.080062794	0.18	75	0.25	0.07	0.04	0.393711465	0.663481229	0.625	0.218244804	0.525547445
mucronata	2	5	8	2.98	1.5075	0.0425	4.3325	0.0905	0.118	0.6876	0.8056	0.8961	1.303867403	8.901657459	0.18	75	0.25	0.07	0.04	0.393711465	0.663481229	0.625	0.218244804	0.525547445
mucronata	2	5	9	2.78	1.2975	0.05	3.355	0.1644	0.0661	0.1034	0.1695	0.3339	0.402068127	1.031021898	0.18	75	0.25	0.07	0.04	0.393711465	0.663481229	0.625	0.218244804	0.525547445
mucronata	2	5	10	2.75	1.43	0.0375	3.475	0.1024	0.1313	0.3859	0.5172	0.6196	1.282226563	5.05078125	0.18	75	0.25	0.07	0.04	0.393711465	0.663481229	0.625	0.218244804	0.525547445
mucronata	2	6	1	2.15	1.1525	0.05	2.2325	0.1057	0.154	0.4067	0.5607	0.6664	1.456953642	5.304635762	0.22	41.74	0.22	0.11	0.08	0.219113554	0.810921502	0.55	0.34295612	1.051094891
mucronata	2	6	2	2.52	1.485	0.06	4.2825	0.0465	0.114	0.5391	0.6531	0.6996	2.451612903	14.04516129	0.22	41.74	0.22	0.11	0.08	0.219113554	0.810921502	0.55	0.34295612	1.051094891
mucronata	2	6	3	2.09	0.96	0.0425	2.5475	0.0494	0.0784	0.2102	0.2886	0.338	1.587044534	5.842105263	0.22	41.74	0.22	0.11	0.08	0.219113554	0.810921502	0.55	0.34295612	1.051094891
mucronata	2	6	4	2.25	1.295	0.045	4.355	0.0438	0.0801	0.2773	0.3574	0.4012	1.828767123	8.159817352	0.22	41.74	0.22	0.11	0.08	0.219113554	0.810921502	0.55	0.34295612	1.051094891
mucronata	2	6	5	1.18	0.8475	0.04	3.625	0.0392	0.085	0.1548	0.2398	0.279	2.168367347	6.117346939	0.22	41.74	0.22	0.11	0.08	0.219113554	0.810921502	0.55	0.34295612	1.051094891
mucronata	2	6	6	1.99	1.3375	0.0375	2.515	0.0415	0.0351	0.2254	0.2605	0.302	0.845783133	6.277108434	0.22	41.74	0.22	0.11	0.08	0.219113554	0.810921502	0.55	0.34295612	1.051094891
mucronata	2	6	7	2.19	1.135	0.05	5.2825	0.0802	0.0783	0.1845	0.2628	0.343	0.976309227	3.27680798	0.22	41.74	0.22	0.11	0.08	0.219113554	0.810921502	0.55	0.34295612	1.051094891
mucronata	2	6	8	1.88	1.0725	0.055	2.5525	0.0687	0.0948	0.7377	0.8325	0.9012	1.379912664	12.11790393	0.22	41.74	0.22	0.11	0.08	0.219113554	0.810921502	0.55	0.34295612	1.051094891
mucronata	2	6	9	1.75	0.9225	0.04	2.615	0.084	0.0104	0.0146	0.025	0.109	0.123809524	0.297619048	0.22	41.74	0.22	0.11	0.08	0.219113554	0.810921502	0.55	0.34295612	1.051094891
mucronata	2	6	10	1.75	0.9525	0.045	2.6325	0.0286	0.0454	0.3847	0.4301	0.4587	1.587412587	15.03846154	0.22	41.74	0.22	0.11	0.08	0.219113554	0.810921502	0.55	0.34295612	1.051094891
mucronata	3	1	1	3.36	1.75	0.05	2.1375	0.1021	0.0493	0.1195	0.1688	0.2709	0.482859941	1.653281097	0.55	102.7	0.91	0.09	0.08	0.539122233	2.027303754	2.275	0.280600462	1.051094891
mucronata	3	1	2	3.21	1.4525	0.0575	2.41	0.251	0.0689	0.4349	0.5038	0.7548	0.274501992	2.007171315	0.55	102.7	0.91	0.09	0.08	0.539122233	2.027303754	2.275	0.280600462	1.051094891
mucronata	3	1	3	2.15	1.13	0.06	2.52	0.069	0.0308	0.3425	0.3733	0.4423	0.446376812	5.410144928	0.55	102.7	0.91	0.09	0.08	0.539122233	2.027303754	2.275	0.280600462	1.051094891
mucronata	3	1	4	3.48	2.2625	0.05	2.15	0.0725	0.0795	0.0493	0.1288	0.2013	1.096551724	1.776551724	0.55	102.7	0.91	0.09	0.08	0.539122233	2.027303754	2.275	0.280600462	1.051094891
mucronata	3	1	5	3.88	1.995	0.0625	2.58	0.0899	0.0627	0.0331	0.0958	0.1857	0.697441602	1.065628476	0.55	102.7	0.91	0.09	0.08	0.539122233	2.027303754	2.275	0.280600462	1.051094891
mucronata	3	1	6	2	1.1675	0.06	4.715	0.1985	0.184	0.0895	0.2735	0.472	0.926952141	1.377833753	0.55	102.7	0.91	0.09	0.08	0.539122233	2.027303754	2.275	0.280600462	1.051094891
mucronata	3	1	7	1.72	1.02	0.0475	3.1	0.1724	0.1774	0.1892	0.3666	0.539	1.02900232	2.126450116	0.55	102.7	0.91	0.09	0.08	0.539122233	2.027303754	2.275	0.280600462	1.051094891
mucronata	3	1	8	1.97	1.235	0.05	4.5575	0.2288	0.0997	0.1054	0.2051	0.4339	0.435751748	0.896416084	0.55	102.7	0.91	0.09	0.08	0.539122233	2.027303754	2.275	0.280600462	1.051094891
mucronata	3	1	9	2.61	1.1725	0.0425	2.725	0.1117	0.0365	0.032	0.0685	0.1802	0.326768129	0.613249776	0.55	102.7	0.91	0.09	0.08	0.539122233	2.027303754	2.275	0.280600462	1.051094891
mucronata	3	1	10	2.52	1.3125	0.035	2.615	0.1539	0.0739	0.1845	0.2584	0.4123	0.480181936	1.679012346	0.55	102.7	0.91	0.09	0.08	0.539122233	2.027303754	2.275	0.280600462	1.051094891
mucronata	3	2	1	2.21	1.1125	0.05	2.6725	0.0907	0.0273	0.1	0.1273	0.218	0.300992282	1.403528115	0.37	476.11	0.33	0.08	0.1	2.499332878	1.363822526	0.825	0.249422633	1.313868613
mucronata	3	2	2	1.38	0.8175	0.0575	1.85	0.07	0.0167	0.3736	0.3903	0.4603	0.238571429	5.575714286	0.37	476.11	0.33	0.08	0.1	2.499332878	1.363822526	0.825	0.249422633	1.313868613
mucronata	3	2	3	1.83	0.9575	0.04	2.2075	0.1264	0.0431	0.1129	0.156	0.2824	0.340981013	1.234177215	0.37	476.11	0.33	0.08	0.1	2.499332878	1.363822526	0.825	0.249422633	1.313868613
mucronata	3	2	4	2.29	0.995	0.05	3.3475	0.1756	0.0604	0.2056	0.266	0.4416	0.343963554	1.514806378	0.37	476.11	0.33	0.08	0.1	2.499332878	1.363822526	0.825	0.249422633	1.313868613
mucronata	3	2	5	2.57	1.41	0.05	2.6	0.1731	0.0331	0.1877	0.2208	0.3939	0.191218949	1.275563258	0.37	476.11	0.33	0.08	0.1	2.499332878	1.363822526	0.825	0.249422633	1.313868613
mucronata	3	2	6	1.51	0.845	0.06	2.685	0.0846	0.0313	0.1507	0.182	0.2666	0.369976359	2.151300236	0.37	476.11	0.33	0.08	0.1	2.499332878	1.363822526	0.825	0.249422633	1.313868613
mucronata	3	2	7	2.35	1.2125	0.06	4.84	0.0998	0.086	0.1998	0.2858	0.3856	0.861723447	2.863727455	0.37	476.11	0.33	0.08	0.1	2.499332878	1.363822526	0.825	0.249422633	1.313868613
mucronata	3	2	8	2.57	1.41	0.05	2.6	0.1264	0.0431	0.1129	0.156	0.2824	0.340981013	1.234177215	0.37	476.11	0.33	0.08	0.1	2.499332878	1.363822526	0.825	0.249422633	1.313868613
mucronata	3	2	9	1.51	0.845	0.06	2.685	0.1756	0.0604	0.2056	0.266	0.4416	0.343963554	1.514806378	0.37	476.11	0.33	0.08	0.1	2.499332878	1.363822526	0.825	0.249422633	1.313868613
mucronata	3	2	10	2.35	1.2125	0.06	4.84	0.1731	0.0331	0.1877	0.2208	0.3939	0.191218949	1.275563258	0.37	476.11	0.33	0.08	0.1	2.499332878	1.363822526	0.825	0.249422633	1.313868613
mucronata	3	3	1	2.53	1.26	0.045	3.2225	0.0716	0.0611	0.0845	0.1456	0.2172	0.853351955	2.033519553	0.49	308.42	1.15	0.1	0.06	1.619046536	1.806143345	2.875	0.311778291	0.788321168
mucronata	3	3	2	2.47	1.1	0.0375	4.22	0.0803	0.021	0.0236	0.0446	0.1249	0.261519303	0.555417186	0.49	308.42	1.15	0.1	0.06	1.619046536	1.806143345	2.875	0.311778291	0.788321168
mucronata	3	3	3	2.39	1.215	0.0375	2.455	0.0526	0.0133	0.0198	0.0331	0.0857	0.252851711	0.629277567	0.49	308.42	1.15	0.1	0.06	1.619046536	1.806143345	2.875	0.311778291	0.788321168
mucronata	3	3	4	2.69	1.5925	0.045	3.69	0.1545	0.1077	0.1594	0.2671	0.4216	0.697087379	1.728802589	0.49	308.42	1.15	0.1	0.06	1.619046536	1.806143345	2.875	0.311778291	0.788321168
mucronata	3	3	5	2.4	1.3525	0.0425	3.5125	0.1443	0.0796	0.143	0.2226	0.3669	0.551628552	1.542619543	0.49	308.42	1.15	0.1	0.06	1.619046536	1.806143345	2.875	0.311778291	0.788321168
mucronata	3	3	6	2.63	1.3125	0.0575	3.075	0.0849	0.0109	0.0557	0.0666	0.1515	0.128386337	0.784452297	0.49	308.42	1.15	0.1	0.06	1.619046536	1.806143345	2.875	0.311778291	0.788321168
mucronata	3	3	7	2.38	1.16	0.0425	4.1525	0.1351	0.0763	0.0845	0.1608	0.2959	0.564766839	1.19022946	0.49	308.42	1.15	0.1	0.06	1.619046536	1.806143345	2.875	0.311778291	0.788321168
mucronata	3	3	8	1.17	0.945	0.0475	3.1925	0.0554	0.0227	0.0289	0.0516	0.107	0.409747292	0.931407942	0.49	308.42	1.15	0.1	0.06	1.619046536	1.806143345	2.875	0.311778291	0.788321168
mucronata	3	3	9	2.9	1.3625	0.0475	4.36	0.1895	0.1086	0.1735	0.2821	0.4716	0.573087071	1.488654354	0.49	308.42	1.15	0.1	0.06	1.619046536	1.806143345	2.875	0.311778291	0.788321168
mucronata	3	3	10	2.63	1.38	0.05	4.2125	0.1813	0.0776	0.1241	0.2017	0.383	0.428019857	1.112520684	0.49	308.42	1.15	0.1	0.06	1.619046536	1.806143345	2.875	0.311778291	0.788321168
mucronata	3	4	1	2.22	0.93	0.05	2.3975	0.1102	0.0646	0.2966	0.3612	0.4714	0.586206897	3.277676951	0.7	88.48	1.26	0.21	0.04	0.46447454	2.580204778	3.15	0.654734411	0.525547445
mucronata	3	4	2	2.17	1.0675	0.0525	3.165	0.1119	0.0421	0.3018	0.3439	0.4558	0.376228776	3.073279714	0.7	88.48	1.26	0.21	0.04	0.46447454	2.580204778	3.15	0.654734411	0.525547445
mucronata	3	4	3	2.12	1.1875	0.06	3.2875	0.0908	0.0553	0.0718	0.1271	0.2179	0.609030837	1.399779736	0.7	88.48	1.26	0.21	0.04	0.46447454	2.580204778	3.15	0.654734411	0.525547445
mucronata	3	4	4	2.22	1.06	0.05	2.0725	0.1692	0.0308	0.0353	0.0661	0.2353	0.182033097	0.390661939	0.7	88.48	1.26	0.21	0.04	0.46447454	2.580204778	3.15	0.654734411	0.525547445
mucronata	3	4	5	2.19	1.145	0.055	3.9575	0.1163	0.0253	0.0888	0.1141	0.2304	0.217540843	0.981083405	0.7	88.48	1.26	0.21	0.04	0.46447454	2.580204778	3.15	0.654734411	0.525547445
mucronata	3	4	6	2.42	1.32	0.0575	4.0475	0.2153	0.0588	0.2613	0.3201	0.5354	0.273107292	1.486762657	0.7	88.48	1.26	0.21	0.04	0.46447454	2.580204778	3.15	0.654734411	0.525547445
mucronata	3	4	7	2.02	0.895	0.055	3.5	0.132	0.0253	0.1972	0.2225	0.3545	0.191666667	1.685606061	0.7	88.48	1.26	0.21	0.04	0.46447454	2.580204778	3.15	0.654734411	0.525547445
mucronata	3	4	8	1.3	0.6125	0.0525	2.4125	0.0551	0.026	0.3062	0.3322	0.3873	0.471869328	6.029038113	0.7	88.48	1.26	0.21	0.04	0.46447454	2.580204778	3.15	0.654734411	0.525547445
mucronata	3	4	9	1.91	0.91	0.0575	2.8875	0.0982	0.0861	0.1932	0.2793	0.3775	0.876782077	2.844195519	0.7	88.48	1.26	0.21	0.04	0.46447454	2.580204778	3.15	0.654734411	0.525547445
mucronata	3	4	10	1.83	1.0525	0.05	3.56	0.0451	0.0239	0.0208	0.0447	0.0898	0.529933481	0.99113082	0.7	88.48	1.26	0.21	0.04	0.46447454	2.580204778	3.15	0.654734411	0.525547445
mucronata	3	5	1	3.94	1.9725	0.0525	2.555	0.1937	0.0343	0.0946	0.1289	0.3226	0.177077956	0.665462055	0.76	194.86	0.68	7.63	0.1	1.022914882	2.801365188	1.7	23.7886836	1.313868613
mucronata	3	5	2	4.43	2.715	0.05	2.2725	0.081	0.0187	0.0114	0.0301	0.1111	0.230864198	0.371604938	0.76	194.86	0.68	7.63	0.1	1.022914882	2.801365188	1.7	23.7886836	1.313868613
mucronata	3	5	3	3.59	2.085	0.05	3.26	0.106	0.036	0.0218	0.0578	0.1638	0.339622642	0.545283019	0.76	194.86	0.68	7.63	0.1	1.022914882	2.801365188	1.7	23.7886836	1.313868613
mucronata	3	5	4	3.87	2.1425	0.045	3.25	0.1732	0.0709	0.0738	0.1447	0.3179	0.409353349	0.835450346	0.76	194.86	0.68	7.63	0.1	1.022914882	2.801365188	1.7	23.7886836	1.313868613
mucronata	3	5	5	2.47	1.4375	0.0275	2.68	0.1058	0.0322	0.0313	0.0635	0.1693	0.304347826	0.600189036	0.76	194.86	0.68	7.63	0.1	1.022914882	2.801365188	1.7	23.7886836	1.313868613
mucronata	3	5	6	3.05	1.37	0.04	1.5925	0.2276	0.0328	0.0788	0.1116	0.3392	0.144112478	0.490333919	0.76	194.86	0.68	7.63	0.1	1.022914882	2.801365188	1.7	23.7886836	1.313868613
mucronata	3	5	7	2.28	1.145	0.04	2.4875	0.1195	0.0369	0.0677	0.1046	0.2241	0.308786611	0.875313808	0.76	194.86	0.68	7.63	0.1	1.022914882	2.801365188	1.7	23.7886836	1.313868613
mucronata	3	5	8	2.47	1.4375	0.0275	2.68	0.1732	0.0709	0.0738	0.1447	0.3179	0.409353349	0.835450346	0.76	194.86	0.68	7.63	0.1	1.022914882	2.801365188	1.7	23.7886836	1.313868613
mucronata	3	5	9	3.05	1.37	0.04	1.5925	0.1058	0.0322	0.0313	0.0635	0.1693	0.304347826	0.600189036	0.76	194.86	0.68	7.63	0.1	1.022914882	2.801365188	1.7	23.7886836	1.313868613
mucronata	3	5	10	2.28	1.145	0.04	2.4875	0.2276	0.0328	0.0788	0.1116	0.3392	0.144112478	0.490333919	0.76	194.86	0.68	7.63	0.1	1.022914882	2.801365188	1.7	23.7886836	1.313868613
mucronata	3	6	1	2.29	1.76	0.0375	4.3225	0.1342	0.0348	0.033	0.0678	0.202	0.259314456	0.505216095	0.67	259.21	0.77	0.61	0.21	1.36071932	2.469624573	1.925	1.901847575	2.759124088
mucronata	3	6	2	2.24	1.72	0.035	4.3925	0.1105	0.0616	0.017	0.0786	0.1891	0.557466063	0.711312217	0.67	259.21	0.77	0.61	0.21	1.36071932	2.469624573	1.925	1.901847575	2.759124088
mucronata	3	6	3	2.07	1.28	0.0375	4.0625	0.0438	0.0108	0.011	0.0218	0.0656	0.246575342	0.497716895	0.67	259.21	0.77	0.61	0.21	1.36071932	2.469624573	1.925	1.901847575	2.759124088
mucronata	3	6	4	3.03	1.27	0.0525	3.6825	0.4865	0.0457	0.1106	0.1563	0.6428	0.09393628	0.321274409	0.67	259.21	0.77	0.61	0.21	1.36071932	2.469624573	1.925	1.901847575	2.759124088
mucronata	3	6	5	2.13	1.1075	0.055	3.2475	0.2185	0.0506	0.0147	0.0653	0.2838	0.231578947	0.298855835	0.67	259.21	0.77	0.61	0.21	1.36071932	2.469624573	1.925	1.901847575	2.759124088
mucronata	3	6	6	1.96	1.09	0.045	3.685	0.2912	0.0853	0.1106	0.1959	0.4871	0.292925824	0.672733516	0.67	259.21	0.77	0.61	0.21	1.36071932	2.469624573	1.925	1.901847575	2.759124088
mucronata	3	6	7	2.43	1.235	0.0525	2.09	0.1785	0.0377	0.126	0.1637	0.3422	0.211204482	0.917086835	0.67	259.21	0.77	0.61	0.21	1.36071932	2.469624573	1.925	1.901847575	2.759124088
mucronata	3	6	8	3.16	1.29	0.0425	3.2625	0.3091	0.0526	0.1802	0.2328	0.5419	0.170171466	0.753154319	0.67	259.21	0.77	0.61	0.21	1.36071932	2.469624573	1.925	1.901847575	2.759124088
mucronata	3	6	9	3.19	1.545	0.04	3.43	0.1213	0.0842	0.2215	0.3057	0.427	0.694146744	2.520197857	0.67	259.21	0.77	0.61	0.21	1.36071932	2.469624573	1.925	1.901847575	2.759124088
mucronata	3	6	10	2.1	1.0425	0.0375	3.6175	0.0681	0.0785	0.1075	0.186	0.2541	1.152716593	2.731277533	0.67	259.21	0.77	0.61	0.21	1.36071932	2.469624573	1.925	1.901847575	2.759124088
